0.170777
-0.428226
-1.014346
-1.592594
-2.161230
-2.715880
-3.251252
-3.761831
-4.242157
-4.686957
-5.091229
-5.450297
-5.759871
-6.016092
-6.215582
-6.355481
-6.433482
-6.447871
-6.397548
-6.282046
-6.101546
-5.856888
-5.549572
-5.181748
-4.756211
-4.276380
-3.746269
-3.170463
-2.554075
-1.902708
-1.222398
-0.519569
0.199032
0.926394
1.655309
2.378445
3.088411
3.777836
4.439440
5.066108
5.650967
6.187455
6.669400
7.091081
7.447302
7.733452
7.945573
8.080412
8.135474
8.109072
8.000357
7.809342
7.536911
7.184801
6.755576
6.252583
5.679909
5.042329
4.345273
3.594788
2.797516
1.960653
1.091908
0.199444
-0.708194
-1.622162
-2.533403
-3.432736
-4.310957
-5.158928
-5.967673
-6.728472
-7.432954
-8.073188
-8.641765
-9.131888
-9.537442
-9.853074
-10.074254
-10.197333
-10.219594
-10.139294
-9.955697
-9.669098
-9.280828
-8.793265
-8.209821
-7.534929
-6.774008
-5.933426
-5.020452
-4.043191
-3.010526
-1.932030
-0.817886
0.321201
1.474113
2.629412
3.775452
4.900488
5.992787
7.040736
8.032942
8.958339
9.806263
10.566522
11.229439
11.785860
12.227119
12.544968
12.731502
12.779133
12.680779
12.430468
12.024618
11.464026
10.756097
9.916160
8.966446
7.932172
6.836110
5.694394
4.515668
3.303479
2.059977
0.788899
-0.503134
-1.806755
-3.110645
-4.402381
-5.669046
-6.897613
-8.075183
-9.189155
-10.227371
-11.178247
-12.030903
-12.775277
-13.402250
-13.903742
-14.272812
-14.503751
-14.592151
-14.534974
-14.330600
-13.978867
-13.481091
-12.840085
-12.060142
-11.147019
-10.107904
-8.951364
-7.687275
-6.326751
-4.882046
-3.366452
-1.794182
-0.180241
1.459707
3.109479
4.752522
6.372051
7.951191
9.473083
10.920952
12.278069
13.527492
14.651301
15.628754
16.431862
17.015278
17.294220
17.102825
16.145683
14.055915
10.802791
7.190123
4.305615
2.484564
1.424680
0.760954
0.271216
-0.149601
-0.544445
-0.928254
-1.304349
-1.671510
-2.026846
-2.366923
-2.688194
-2.987176
-3.260539
-3.505151
-3.718121
-3.896833
-4.038975
-4.142567
-4.205989
-4.227999
-4.207754
-4.144823
-4.039200
-3.891306
-3.701996
-3.472554
-3.204688
-2.900518
-2.562563
-2.193718
-1.797238
-1.376699
-0.935978
-0.479214
-0.010769
0.464810
0.942836
1.418527
1.887048
2.343569
2.783302
3.201559
3.593798
3.955671
4.283072
4.572184
4.819517
5.021956
5.176798
5.281780
5.335118
5.335523
5.282228
5.174996
5.014138
4.800505
4.535488
4.221014
3.859530
3.453981
3.007793
2.524842
2.009428
1.466236
0.900298
0.316949
-0.278220
-0.879415
-1.480691
-2.076011
-2.659309
-3.224541
-3.765757
-4.277157
-4.753149
-5.188416
-5.577967
-5.917197
-6.201939
-6.428506
-6.593746
-6.695073
-6.730505
-6.698696
-6.598955
-6.431262
-6.196287
-5.895380
-5.530582
-5.104603
-4.620813
-4.083218
-3.496420
-2.865592
-2.196428
-1.495096
-0.768181
-0.022627
0.734327
1.495216
2.252418
2.998233
3.724951
4.424937
5.090703
5.714988
6.290833
6.811656
7.271328
7.664241
7.985379
8.230382
8.395613
8.478211
8.476153
8.388288
8.214379
7.955106
7.612066
7.187734
6.685422
6.109214
5.463912
4.754988
3.988545
3.171300
2.310554
1.414159
0.490464
-0.451754
-1.403369
-2.355004
-3.297122
-4.220129
-5.114468
-5.970723
-6.779715
-7.532599
-8.220959
-8.836901
-9.373136
-9.823070
-10.180876
-10.441565
-10.601051
-10.656205
-10.604900
-10.446047
-10.179626
-9.806698
-9.329414
-8.751008
-8.075780
-7.309071
-6.457225
-5.527541
-4.528212
-3.468259
-2.357451
-1.206222
-0.025574
1.173020
2.377727
3.576459
4.756991
5.907071
7.014532
8.067401
9.053999
9.963022
10.783601
11.505323
12.118202
12.612583
12.978944
13.207632
13.288591
13.211277
12.965177
12.541538
11.936784
11.157228
10.223032
9.167916
8.032419
6.853014
5.653219
4.441709
3.217079
1.974993
0.713605
-0.564243
-1.851335
-3.137442
-4.410681
-5.658438
-6.867907
-8.026388
-9.121475
-10.141201
-11.074176
-11.909710
-12.637921
-13.249870
-13.737645
-14.094464
-14.314764
-14.394267
-14.330050
-14.120592
-13.765813
-13.267092
-12.627280
-11.850691
-10.943084
-9.911620
-8.764821
-7.512501
-6.165683
-4.736514
-3.238156
-1.684675
-0.090909
1.527658
3.155042
4.774899
6.370670
7.925710
9.423409
10.847247
12.180780
13.407391
14.509619
15.467478
16.254543
16.829119
17.115284
16.967501
16.127974
14.263441
11.284401
7.816783
4.879019
2.920801
1.737462
0.983359
0.425498
-0.052780
-0.501047
-0.937147
-1.365343
-1.784464
-2.191304
-2.581970
-2.952415
-3.298649
-3.616837
-3.903363
-4.154869
-4.368300
-4.540937
-4.670433
-4.754833
-4.792613
-4.782692
-4.724453
-4.617757
-4.462951
-4.260870
-4.012837
-3.720662
-3.386623
-3.013454
-2.604328
-2.162824
-1.692905
-1.198879
-0.685362
-0.157237
0.380392
0.922246
1.462924
1.996956
2.518852
3.023165
3.504538
3.957767
4.377853
4.760057
5.099951
5.393469
5.636959
5.827219
5.961546
6.037770
6.054280
6.010056
5.904679
5.738348
5.511880
5.226708
4.884872
4.488998
4.042285
3.548473
3.011820
2.437068
1.829405
1.194423
0.538074
-0.133386
-0.813454
-1.495435
-2.172514
-2.837821
-3.484495
-4.105758
-4.694984
-5.245770
-5.751997
-6.207905
-6.608151
-6.947873
-7.222742
-7.429016
-7.563587
-7.624023
-7.608601
-7.516334
-7.346992
-7.101125
-6.780053
-6.385878
-5.921469
-5.390445
-4.797154
-4.146633
-3.444575
-2.697279
-1.911595
-1.094864
-0.254854
0.600312
1.462234
2.322311
3.171829
4.002038
4.804247
5.569904
6.290683
6.958572
7.565961
8.105710
8.571244
8.956621
9.256610
9.466770
9.583529
9.604259
9.527366
9.352336
9.079809
8.711569
8.250514
7.700561
7.066506
6.353886
5.568860
4.718150
3.809043
2.849420
1.847783
0.813245
-0.244531
-1.315421
-2.388954
-3.454435
-4.501065
-5.518055
-6.494743
-7.420708
-8.285875
-9.080629
-9.795917
-10.423344
-10.955275
-11.384918
-11.706409
-11.914884
-12.006538
-11.978692
-11.829823
-11.559604
-11.168929
-10.659916
-10.035907
-9.301453
-8.462283
-7.525272
-6.498382
-5.390604
-4.211882
-2.973025
-1.685617
-0.361911
0.985281
2.342709
3.696798
5.033785
6.339835
7.601158
8.804128
9.935367
10.981795
11.930621
12.769211
13.484746
14.063532
14.489728
14.743212
14.796491
14.611403
14.138685
13.327517
12.153724
10.662411
8.988898
7.314020
5.775303
4.415874
3.204350
2.083625
1.005128
-0.059963
-1.122942
-2.183672
-3.235883
-4.270512
-5.277433
-6.246270
-7.166751
-8.028904
-8.823183
-9.540579
-10.172716
-10.711949
-11.151454
-11.485305
-11.708549
-11.817273
-11.808658
-11.681022
-11.433856
-11.067847
-10.584890
-9.988084
-9.281722
-8.471268
-7.563313
-6.565535
-5.486630
-4.336249
-3.124905
-1.863893
-0.565181
0.758694
2.094743
3.429645
4.749866
6.041786
7.291819
8.486523
9.612695
10.657440
11.608182
12.452590
13.178342
13.772614
14.221167
14.506783
14.606986
14.491485
14.121218
13.453588
12.460371
11.159037
9.638210
8.042152
6.508432
5.109208
3.843824
2.671825
1.548245
0.441695
-0.662710
-1.767354
-2.867179
-3.953429
-5.015805
-6.043520
-7.025795
-7.952084
-8.812237
-9.596607
-10.296164
-10.902587
-11.408376
-11.806924
-12.092604
-12.260839
-12.308167
-12.232287
-12.032111
-11.707779
-11.260681
-10.693471
-10.010049
-9.215546
-8.316288
-7.319753
-6.234513
-5.070167
-3.837254
-2.547167
-1.212053
0.155298
1.541569
2.933037
4.315701
5.675407
6.997975
8.269314
9.475523
10.602962
11.638264
12.568238
13.379594
14.058295
14.588321
14.949404
15.113308
15.038762
14.667332
13.927994
12.765008
11.196408
9.366056
7.509510
5.828153
4.395262
3.173293
2.084573
1.061871
0.064185
-0.926617
-1.914027
-2.893769
-3.858019
-4.797571
-5.702826
-6.564229
-7.372476
-8.118639
-8.794283
-9.391548
-9.903248
-10.322941
-10.645020
-10.864772
-10.978443
-10.983295
-10.877636
-10.660865
-10.333492
-9.897145
-9.354576
-8.709647
-7.967310
-7.133576
-6.215464
-5.220950
-4.158905
-3.039014
-1.871695
-0.668004
0.560463
1.801678
3.043289
4.272741
5.477387
6.644608
7.761921
8.817084
9.798182
10.693697
11.492520
12.183918
12.757397
13.202435
13.508054
13.662238
13.651382
13.460243
13.073308
12.478852
11.676260
10.684501
9.545875
8.318624
7.059274
5.805318
4.569304
3.345533
2.121829
0.888784
-0.356310
-1.609660
-2.862926
-4.105235
-5.324559
-6.508494
-7.644664
-8.720941
-9.725602
-10.647467
-11.476013
-12.201503
-12.815078
-13.308877
-13.676127
-13.911228
-14.009815
-13.968839
-13.786608
-13.462830
-12.998627
-12.396557
-11.660603
-10.796154
-9.809982
-8.710181
-7.506115
-6.208344
-4.828528
-3.379341
-1.874344
-0.327878
1.245072
2.829013
4.408082
5.966185
7.487136
8.954771
10.353034
11.665999
12.877737
13.971881
14.930544
15.731818
16.344248
16.715160
16.748400
16.271908
15.028636
12.806546
9.793746
6.734069
4.340130
2.746010
1.708550
0.965013
0.352600
-0.208020
-0.749365
-1.281706
-1.805718
-2.318245
-2.814726
-3.290176
-3.739577
-4.158039
-4.540897
-4.883767
-5.182599
-5.433726
-5.633905
-5.780357
-5.870798
-5.903477
-5.877199
-5.791339
-5.645868
-5.441354
-5.178968
-4.860482
-4.488259
-4.065240
-3.594922
-3.081332
-2.528991
-1.942885
-1.328411
-0.691335
-0.037741
0.626029
1.293433
1.957791
2.612352
3.250359
3.865117
4.450062
4.998829
5.505319
5.963768
6.368806
6.715529
6.999548
7.217049
7.364848
7.440435
7.442014
7.368532
7.219705
6.996027
6.698761
6.329932
5.892298
5.389319
4.825126
4.204483
3.532756
2.815881
2.060320
1.273023
0.461367
-0.366906
-1.203758
-2.040933
-2.870041
-3.682639
-4.470318
-5.224789
-5.937970
-6.602068
-7.209669
-7.753809
-8.228062
-8.626602
-8.944281
-9.176682
-9.320189
-9.372013
-9.330254
-9.193923
-8.962969
-8.638292
-8.221748
-7.716148
-7.125243
-6.453698
-5.707064
-4.891729
-4.014874
-3.084409
-2.108903
-1.097513
-0.059899
0.993865
2.053384
3.108039
4.147089
5.159772
6.135413
7.063516
7.933871
8.736647
9.462468
10.102506
10.648535
11.092992
11.429034
11.650591
11.752466
11.730496
11.581826
11.305323
10.902099
10.376025
9.733959
8.985447
8.141770
7.214560
6.214502
5.150723
4.031048
2.862883
1.654176
0.414029
-0.847165
-2.117941
-3.386106
-4.639063
-5.864062
-7.048398
-8.179560
-9.245376
-10.234148
-11.134768
-11.936846
-12.630828
-13.208103
-13.661102
-13.983393
-14.169759
-14.216277
-14.120369
-13.880855
-13.497977
-12.973431
-12.310361
-11.513354
-10.588417
-9.542936
-8.385621
-7.126446
-5.776559
-4.348195
-2.854569
-1.309757
0.271425
1.873560
3.480767
5.076844
6.645405
8.170016
9.634295
11.021980
12.316875
13.502583
14.561783
15.474448
16.213793
16.737293
16.968039
16.761608
15.871329
13.998432
11.099292
7.781675
4.968569
3.059045
1.869224
1.083789
0.485541
-0.036356
-0.529534
-1.011048
-1.484638
-1.948655
-2.399423
-2.832588
-3.243653
-3.628185
-3.981933
-4.300878
-4.581290
-4.819771
-5.013290
-5.159228
-5.255399
-5.300089
-5.292074
-5.230642
-5.115611
-4.947332
-4.726698
-4.455146
-4.134645
-3.767684
-3.357264
-2.906863
-2.420419
-1.902290
-1.357222
-0.790303
-0.206918
0.387297
0.986515
1.584765
2.175997
2.754139
3.313158
3.847119
4.350251
4.817007
5.242120
5.620667
5.948124
6.220416
6.433970
6.585764
6.673362
6.694956
6.649389
6.536179
6.355527
6.108327
5.796152
5.421245
4.986494
4.495414
3.952114
3.361268
2.728080
2.058247
1.357916
0.633633
-0.107713
-0.858954
-1.612707
-2.361450
-3.097590
-3.813546
-4.501822
-5.155083
-5.766235
-6.328502
-6.835492
-7.281274
-7.660444
-7.968183
-8.200320
-8.353383
-8.424639
-8.412140
-8.314753
-8.132177
-7.864970
-7.514546
-7.083184
-6.574008
-5.990972
-5.338838
-4.623134
-3.850114
-3.026703
-2.160442
-1.259417
-0.332189
0.612281
1.564723
2.515638
3.455395
4.374318
5.262784
6.111314
6.910674
7.651957
8.326677
8.926853
9.445094
9.874667
10.209591
10.444707
10.575786
10.599625
10.514190
10.318756
10.014054
9.602361
9.087496
8.474663
7.770152
6.980960
6.114459
5.178212
4.180009
3.128040
2.031099
0.898717
-0.258842
-1.430687
-2.605456
-3.771488
-4.916981
-6.030136
-7.099283
-8.113018
-9.060313
-9.930640
-10.714084
-11.401456
-11.984392
-12.455454
-12.808211
-13.037333
-13.138650
-13.109215
-12.947353
-12.652698
-12.226213
-11.670206
-10.988322
-10.185530
-9.268089
-8.243515
-7.120509
-5.908900
-4.619563
-3.264319
-1.855839
-0.407525
1.066604
2.552048
4.033951
5.497237
6.926745
8.307345
9.624045
10.862047
12.006735
13.043499
13.957253
14.731343
15.345241
15.769984
15.959799
15.839059
15.289714
14.163633
12.370457
10.045606
7.605335
5.489234
3.866401
2.652069
1.686305
0.843262
0.050997
-0.723164
-1.489758
-2.248552
-2.994637
-3.721296
-4.421244
-5.087130
-5.711773
-6.288280
-6.810128
-7.271245
-7.666082
-7.989668
-8.237672
-8.406466
-8.493154
-8.495630
-8.412602
-8.243621
-7.989089
-7.650283
-7.229345
-6.729278
-6.153926
-5.507951
-4.796794
-4.026641
-3.204361
-2.337458
-1.433997
-0.502538
0.447947
1.408152
2.368527
3.319373
4.250927
5.153463
6.017385
6.833322
7.592220
8.285431
8.904799
9.442745
9.892341
10.247391
10.502510
10.653226
10.696076
10.628751
10.450244
10.161017
9.763124
9.260222
8.657463
7.961181
7.178490
6.316891
5.384036
4.387715
3.336039
2.237676
1.102026
-0.060742
-1.239784
-2.423738
-3.600901
-4.759400
-5.887336
-6.972922
-8.004612
-8.971222
-9.862050
-10.666994
-11.376664
-11.982485
-12.476794
-12.852937
-13.105345
-13.229613
-13.222561
-13.082278
-12.808169
-12.400975
-11.862791
-11.197057
-10.408556
-9.503378
-8.488879
-7.373631
-6.167349
-4.880813
-3.525781
-2.114880
-0.661496
0.820343
2.316101
3.810860
5.289461
6.736628
8.137102
9.475741
10.737589
11.907862
12.971805
13.914227
14.718454
15.364091
15.822491
16.048254
15.965431
15.452606
14.350893
12.550519
10.173757
7.654943
5.472708
3.817137
2.598926
1.646093
0.824052
0.056341
-0.691779
-1.431816
-2.164071
-2.884009
-3.585220
-4.260697
-4.903359
-5.506276
-6.062796
-6.566625
-7.011904
-7.393273
-7.705935
-7.945705
-8.109078
-8.193259
-8.196210
-8.116675
-7.954218
-7.709223
-7.382915
-6.977355
-6.495435
-5.940858
-5.318114
-4.632452
-3.889831
-3.096875
-2.260821
-1.389443
-0.490998
0.425861
1.352160
2.278688
3.196089
4.094947
4.965883
5.799643
6.587193
7.319808
7.989157
8.587397
9.107246
9.542067
9.885947
10.133780
10.281352
10.325447
10.263952
10.095976
9.821964
9.443762
8.964608
8.389022
7.722579
6.971627
6.143025
5.243998
4.282124
3.265446
2.202611
1.102949
-0.023525
-1.166207
-2.314036
-3.455651
-4.579533
-5.674139
-6.728040
-7.730031
-8.669256
-9.535327
-10.318427
-11.009433
-11.600001
-12.082677
-12.450977
-12.699471
-12.823853
-12.820999
-12.689021
-12.427301
-12.036517
-11.518658
-10.877022
-10.116204
-9.242070
-8.261716
-7.183412
-6.016546
-4.771541
-3.459763
-2.093432
-0.685505
0.750439
2.200320
3.649687
5.083852
6.488016
7.847396
9.147334
10.373373
11.511290
12.546994
13.466249
14.253961
14.892711
15.359864
15.622282
15.627831
15.295379
14.514111
13.180383
11.299571
9.092713
6.933720
5.108208
3.672935
2.531031
1.558364
0.665128
-0.197574
-1.050050
-1.896640
-2.733981
-3.555421
-4.353098
-5.118825
-5.844481
-6.522177
-7.144382
-7.704003
-8.194470
-8.609809
-8.944707
-9.194585
-9.355647
-9.424936
-9.400373
-9.280789
-9.065961
-8.756614
-8.354440
-7.862091
-7.283166
-6.622192
-5.884591
-5.076638
-4.205412
-3.278741
-2.305129
-1.293682
-0.254032
0.803757
1.869281
2.931892
3.980799
5.005173
5.994250
6.937431
7.824382
8.645131
9.390154
10.050448
10.617613
11.083887
11.442211
11.686281
11.810621
11.810740
11.683382
11.426943
11.042022
10.531999
9.903382
9.165647
8.330332
7.409590
6.414721
5.355309
4.239346
3.074097
1.867180
0.627333
-0.635352
-1.909601
-3.183312
-4.443908
-5.678613
-6.874660
-8.019457
-9.100723
-10.106632
-11.025930
-11.848063
-12.563297
-13.162824
-13.638863
-13.984763
-14.195083
-14.265659
-14.193677
-13.977709
-13.617759
-13.115281
-12.473184
-11.695825
-10.788995
-9.759874
-8.616982
-7.370117
-6.030270
-4.609541
-3.121031
-1.578725
0.002628
1.607652
3.220481
4.824902
6.404497
7.942775
9.423282
10.829675
12.145689
13.354915
14.440148
15.381796
16.154196
16.717392
16.999725
16.865734
16.077461
14.324159
11.499423
8.140871
5.206067
3.186924
1.936365
1.128124
0.527330
0.011992
-0.471023
-0.941231
-1.403450
-1.856527
-2.297042
-2.720806
-3.123444
-3.500630
-3.848204
-4.162228
-4.439040
-4.675299
-4.868016
-5.014602
-5.112885
-5.161153
-5.158169
-5.103192
-4.995995
-4.836871
-4.626643
-4.366661
-4.058792
-3.705419
-3.309416
-2.874132
-2.403361
-1.901312
-1.372575
-0.822077
-0.255039
0.323070
0.906588
1.489711
2.066549
2.631188
3.177744
3.700427
4.193597
4.651830
5.069969
5.443184
5.767033
6.037504
6.251072
6.404741
6.496084
6.523278
6.485134
6.381116
6.211353
5.976644
5.678453
5.318896
4.900725
4.427303
3.902580
3.331059
2.717767
2.068214
1.388355
0.684537
-0.036555
-0.767955
-1.502487
-2.232828
-2.951585
-3.651364
-4.324850
-4.964880
-5.564515
-6.117121
-6.616431
-7.056621
-7.432375
-7.738942
-7.972198
-8.128689
-8.205688
-8.201222
-8.114110
-7.943986
-7.691312
-7.357391
-6.944361
-6.455189
-5.893657
-5.264329
-4.572526
-3.824274
-3.026265
-2.185791
-1.310684
-0.409248
0.509822
1.437517
2.364601
3.281698
4.179380
5.048268
5.879113
6.662893
7.390908
8.054858
8.646935
9.159905
9.587188
9.922929
10.162091
10.300542
10.335151
10.263906
10.086029
9.802092
9.414074
8.925348
8.340556
7.665374
6.906224
6.070019
5.164022
4.195856
3.173616
2.106007
1.002431
-0.127036
-1.271734
-2.420560
-3.562121
-4.684880
-5.777292
-6.827926
-7.825597
-8.759479
-9.619216
-10.395044
-11.077896
-11.659499
-12.132478
-12.490432
-12.728026
-12.841058
-12.826509
-12.682603
-12.408839
-12.006017
-11.476246
-10.822946
-10.050831
-9.165889
-8.175329
-7.087538
-5.912008
-4.659260
-3.340757
-1.968798
-0.556416
0.882746
2.334557
3.784525
5.217931
6.619961
7.975822
9.270859
10.490619
11.620879
12.647537
13.556284
14.331849
14.956410
15.406485
15.647292
15.623859
15.251069
14.415085
13.016513
11.079410
8.850348
6.709899
4.923843
3.525862
2.409469
1.451495
0.566268
-0.291566
-1.140141
-1.982696
-2.815388
-3.631399
-4.422833
-5.181534
-5.899429
-6.568696
-7.181879
-7.731965
-8.212474
-8.617520
-8.941894
-9.181116
-9.331497
-9.390188
-9.355217
-9.225524
-9.000991
-8.682446
-8.271684
-7.771451
-7.185435
-6.518249
-5.775387
-4.963194
-4.088809
-3.160104
-2.185623
-1.174500
-0.136380
0.918669
1.980251
3.037739
4.080376
5.097377
6.078033
7.011813
7.888461
8.698092
9.431275
10.079118
10.633327
11.086264
11.431005
11.661392
11.772124
11.758915
11.618757
11.350340
10.954577
10.435144
9.798759
9.054926
8.215005
7.290802
6.293219
5.231548
4.113671
2.946940
1.739184
0.499371
-0.762217
-2.034186
-3.304379
-4.560204
-5.788904
-6.977750
-8.114201
-9.186045
-10.181528
-11.089491
-11.899480
-12.601868
-13.187966
-13.650124
-13.981820
-14.177752
-14.233899
-14.147586
-13.917537
-13.543900
-13.028273
-12.373701
-11.584684
-10.667139
-9.628367
-8.477006
-7.222950
-5.877288
-4.452199
-2.960849
-1.417275
0.163736
1.766786
3.376000
4.975176
6.547919
8.077772
9.548331
10.943303
12.246466
13.441428
14.510923
15.435121
16.187723
16.727331
16.979328
16.803215
15.956195
14.134508
11.267844
7.934351
5.071402
3.116473
1.901005
1.105397
0.505293
-0.014713
-0.504524
-0.982212
-1.451959
-1.912314
-2.359699
-2.789821
-3.198223
-3.580509
-3.932455
-4.250071
-4.529644
-4.767793
-4.961501
-5.108148
-5.205554
-5.251998
-5.246248
-5.187578
-5.075782
-4.911188
-4.694658
-4.427594
-4.111925
-3.750099
-3.345067
-2.900259
-2.419557
-1.907266
-1.368074
-0.807008
-0.229397
0.359186
0.952970
1.546044
2.132414
2.706060
3.261003
3.791354
4.291388
4.755594
5.178744
5.555943
5.882688
6.154922
6.369085
6.522157
6.611699
6.635890
6.593557
6.484193
6.307968
6.065733
5.759020
5.390018
4.961565
4.477118
3.940721
3.356986
2.731050
2.068544
1.375542
0.658518
-0.075712
-0.820053
-1.567194
-2.309682
-3.039995
-3.750615
-4.434107
-5.083194
-5.690833
-6.250291
-6.755218
-7.199715
-7.578398
-7.886471
-8.119767
-8.274817
-8.348881
-8.339994
-8.247000
-8.069565
-7.808207
-7.464293
-7.040045
-6.538522
-5.963614
-5.320004
-4.613143
-3.849199
-3.035010
-2.178025
-1.286239
-0.368118
0.567471
1.511352
2.454117
3.386224
4.298083
5.180152
6.023033
6.817561
7.554896
8.226612
8.824782
9.342065
9.771774
10.107964
10.345515
10.480223
10.508901
10.429514
10.241307
9.944942
9.542576
9.037852
8.435753
7.742336
6.964386
6.109102
5.183943
4.196640
3.155353
2.068846
0.946602
-0.201183
-1.363699
-2.529677
-3.687547
-4.825600
-5.932118
-6.995517
-8.004458
-8.947977
-9.815605
-10.597467
-11.284406
-11.868080
-12.341062
-12.696919
-12.930310
-13.037036
-13.014112
-12.859818
-12.573727
-12.156729
-11.611052
-10.940248
-10.149187
-9.244022
-8.232150
-7.122151
-5.923731
-4.647630
-3.305539
-1.909994
-0.474265
0.987766
2.461726
3.932889
5.386301
6.806917
8.179724
9.489841
10.722589
11.863484
12.898100
13.811640
14.587979
15.207655
15.643876
15.855254
15.774353
15.295859
14.283581
12.639174
10.449186
8.067061
5.922785
4.230571
2.947871
1.929388
1.047201
0.223405
-0.579301
-1.374014
-2.161603
-2.937465
-3.694816
-4.426150
-5.123837
-5.780387
-6.388588
-6.941598
-7.433023
-7.856996
-8.208233
-8.482107
-8.674698
-8.782845
-8.804185
-8.737198
-8.581232
-8.336514
-8.004170
-7.586230
-7.085613
-6.506114
-5.852381
-5.129883
-4.344862
-3.504285
-2.615787
-1.687602
-0.728491
0.252339
1.245317
2.240601
3.228169
4.197916
5.139750
6.043693
6.899974
7.699127
8.432080
9.090244
9.665594
10.150739
10.539009
10.824519
11.002270
11.068246
11.019582
10.854751
10.573800
10.178570
9.672822
9.062166
8.353721
7.555553
6.676055
5.723490
4.705886
3.631262
2.508021
1.345300
0.153118
-1.057674
-2.275571
-3.488631
-4.684675
-5.851466
-6.976849
-8.048894
-9.056022
-9.987124
-10.831693
-11.579926
-12.222841
-12.752385
-13.161521
-13.444314
-13.596016
-13.613121
-13.493427
-13.236079
-12.841589
-12.311865
-11.650201
-10.861267
-9.951091
-8.927009
-7.797620
-6.572714
-5.263191
-3.880971
-2.438893
-0.950597
0.569597
2.106818
3.645778
5.170914
6.666519
8.116870
9.506337
10.819449
12.040868
13.155207
14.146485
14.996851
15.683782
16.174210
16.412983
16.303282
15.684830
14.348582
12.177958
9.416776
6.690216
4.526243
3.009311
1.948073
1.133083
0.429657
-0.229852
-0.873280
-1.508671
-2.135256
-2.748680
-3.343284
-3.913029
-4.451878
-4.953969
-5.413705
-5.825828
-6.185474
-6.488238
-6.730219
-6.908067
-7.019028
-7.060980
-7.032462
-6.932701
-6.761630
-6.519897
-6.208875
-5.830652
-5.388026
-4.884483
-4.324183
-3.711912
-3.053059
-2.353560
-1.619854
-0.858821
-0.077725
0.715859
1.514111
2.309045
3.092582
3.856629
4.593166
5.294318
5.952443
6.560207
7.110667
7.597343
8.014297
8.356199
8.618406
8.797025
8.888976
8.892064
8.805025
8.627566
8.360386
8.005171
7.564557
7.042064
6.442016
5.769464
5.030126
4.230347
3.377087
2.477909
1.540954
0.574899
-0.411115
-1.407566
-2.404656
-3.392405
-4.360766
-5.299727
-6.199410
-7.050183
-7.842755
-8.568281
-9.218451
-9.785593
-10.262748
-10.643758
-10.923344
-11.097162
-11.161870
-11.115172
-10.955860
-10.683841
-10.300155
-9.806982
-9.207641
-8.506563
-7.709279
-6.822365
-5.853408
-4.810932
-3.704334
-2.543801
-1.340221
-0.105086
1.149616
2.411507
3.667936
4.906098
6.113151
7.276324
8.383039
9.420998
10.378256
11.243264
12.004842
12.652074
13.174049
13.559422
13.795731
13.868583
13.761011
13.453919
12.929156
12.176873
11.206639
10.056689
8.791519
7.483278
6.186865
4.925991
3.697245
2.484426
1.271857
0.051164
-1.177822
-2.409109
-3.633070
-4.838316
-6.012791
-7.144327
-8.220929
-9.230947
-10.163228
-11.007218
-11.753098
-12.391886
-12.915540
-13.317052
-13.590541
-13.731326
-13.735988
-13.602427
-13.329906
-12.919070
-12.371972
-11.692067
-10.884197
-9.954569
-8.910707
-7.761405
-6.516650
-5.187543
-3.786207
-2.325680
-0.819801
0.716921
2.269428
3.822259
5.359682
6.865833
8.324841
9.720932
11.038486
12.261985
13.375783
14.363445
15.206205
15.879600
16.346331
16.542286
16.353327
15.592798
14.034429
11.607439
8.687204
5.984231
3.957098
2.581970
1.623896
0.877310
0.222229
-0.397879
-1.004804
-1.603897
-2.193446
-2.768955
-3.324953
-3.855721
-4.355594
-4.819093
-5.241014
-5.616491
-5.941049
-6.210656
-6.421773
-6.571400
-6.657103
-6.677060
-6.630080
-6.515630
-6.333848
-6.085549
-5.772235
-5.396083
-4.959933
-4.467277
-3.922226
-3.329484
-2.694304
-2.022449
-1.320139
-0.593993
0.149023
0.901670
1.656498
2.405921
3.142290
3.857965
4.545396
5.197200
5.806235
6.365677
6.869092
7.310514
7.684509
7.986246
8.211560
8.357018
8.419968
8.398598
8.291968
8.100050
7.823718
7.464748
7.025781
6.510271
5.922428
5.267168
4.550064
3.777318
2.955735
2.092698
1.196121
0.274400
-0.663665
-1.608949
-2.552102
-3.483634
-4.394025
-5.273812
-6.113696
-6.904633
-7.637934
-8.305356
-8.899196
-9.412370
-9.838501
-10.171990
-10.408086
-10.542946
-10.573687
-10.498431
-10.316340
-10.027636
-9.633618
-9.136671
-8.540244
-7.848847
-7.068011
-6.204254
-5.265026
-4.258655
-3.194270
-2.081725
-0.931513
0.245332
1.437332
2.632675
3.819325
4.985132
6.117947
7.205733
8.236670
9.199253
10.082368
10.875352
11.568009
12.150580
12.613645
12.947938
13.144125
13.192596
13.083525
12.807567
12.357747
11.732804
10.941360
10.004787
8.955796
7.831497
6.663731
5.472125
4.263533
3.036856
1.789339
0.521014
-0.763735
-2.056669
-3.346987
-4.622516
-5.870508
-7.078094
-8.232553
-9.321485
-10.332952
-11.255616
-12.078856
-12.792889
-13.388885
-13.859068
-14.196807
-14.396709
-14.454680
-14.368000
-14.135361
-13.756898
-13.234224
-12.570430
-11.770071
-10.839147
-9.785062
-8.616575
-7.343734
-5.977787
-4.531093
-3.017018
-1.449812
0.155514
1.783327
3.417509
5.041605
6.638963
8.192865
9.686638
11.103698
12.427511
13.641276
14.727117
15.664065
16.423391
16.958059
17.180325
16.921480
15.891684
13.757682
10.548238
7.066503
4.306678
2.545653
1.493781
0.812238
0.294048
-0.159399
-0.588505
-1.007095
-1.417866
-1.819147
-2.207655
-2.579591
-2.931061
-3.258255
-3.557526
-3.825446
-4.058853
-4.254880
-4.410993
-4.525022
-4.595189
-4.620128
-4.598909
-4.531053
-4.416542
-4.255828
-4.049836
-3.799959
-3.508055
-3.176432
-2.807832
-2.405414
-1.972723
-1.513664
-1.032467
-0.533647
-0.021969
0.497604
1.019950
1.539844
2.052005
2.551149
3.032044
3.489564
3.918737
4.314806
4.673277
4.989967
5.261055
5.483128
5.653220
5.768851
5.828061
5.829437
5.772138
5.655902
5.481067
5.248565
4.959916
4.617223
4.223156
3.780927
3.294270
2.767409
2.205027
1.612230
0.994501
0.357658
-0.292202
-0.948758
-1.605520
-2.255901
-2.893273
-3.511037
-4.102691
-4.661896
-5.182541
-5.658812
-6.085251
-6.456820
-6.768957
-7.017626
-7.199369
-7.311354
-7.351401
-7.318027
-7.210462
-7.028673
-6.773374
-6.446029
-6.048850
-5.584785
-5.057502
-4.471360
-3.831378
-3.143193
-2.413014
-1.647568
-0.854040
-0.040010
0.786621
1.617700
2.444905
3.259821
4.054022
4.819162
5.547047
6.229730
6.859586
7.429397
7.932428
8.362508
8.714100
8.982381
9.163309
9.253699
9.251291
9.154816
8.964041
8.679801
8.303993
7.839521
7.290224
6.660761
5.956511
5.183493
4.348334
3.458258
2.521100
1.545293
0.539836
-0.485777
-1.521653
-2.557604
-3.583257
-4.588173
-5.561949
-6.494335
-7.375335
-8.195318
-8.945121
-9.616143
-10.200448
-10.690850
-11.081000
-11.365461
-11.539782
-11.600542
-11.545421
-11.373229
-11.083934
-10.678683
-10.159810
-9.530827
-8.796407
-7.962358
-7.035580
-6.024011
-4.936563
-3.783051
-2.574107
-1.321083
-0.035954
1.268793
2.580274
3.885328
5.170634
6.422839
7.628668
8.775039
9.849140
10.838503
11.730992
12.514732
13.177852
13.708004
14.091510
14.312013
14.348722
14.174883
13.758386
13.068216
12.090565
10.851984
9.432951
7.949718
6.507226
5.159479
3.906343
2.717859
1.560396
0.410795
-0.740894
-1.894357
-3.043064
-4.177368
-5.286332
-6.358634
-7.383002
-8.348427
-9.244317
-10.060616
-10.787910
-11.417543
-11.941711
-12.353546
-12.647213
-12.817972
-12.862256
-12.777710
-12.563243
-12.219055
-11.746657
-11.148874
-10.429832
-9.594947
-8.650878
-7.605487
-6.467778
-5.247821
-3.956671
-2.606268
-1.209336
0.220734
1.670002
3.124113
4.568419
5.988121
7.368383
8.694460
9.951786
11.126021
12.203008
13.168570
14.007974
14.704777
15.238489
15.580170
15.684912
15.481521
14.866076
13.721832
12.000522
9.847258
7.613573
5.648091
4.085608
2.862527
1.850474
0.944027
0.080993
-0.767144
-1.609008
-2.443226
-3.263992
-4.063777
-4.834514
-5.568100
-6.256625
-6.892492
-7.468514
-7.977998
-8.414816
-8.773479
-9.049202
-9.237964
-9.336554
-9.342621
-9.254710
-9.072294
-8.795785
-8.426550
-7.966909
-7.420130
-6.790406
-6.082830
-5.303358
-4.458757
-3.556559
-2.604988
-1.612891
-0.589662
0.454846
1.510412
2.566543
3.612570
4.637753
5.631385
6.582889
7.481920
8.318468
9.082937
9.766236
10.359847
10.855889
11.247171
11.527252
11.690514
11.732283
11.649039
11.438756
11.101363
10.639270
10.057758
9.364972
8.571305
7.688213
6.726847
5.697065
4.607261
3.464965
2.277800
1.054286
-0.195798
-1.461486
-2.730913
-3.991663
-5.231054
-6.436348
-7.594935
-8.694468
-9.723003
-10.669127
-11.522079
-12.271878
-12.909419
-13.426599
-13.816397
-14.072972
-14.191730
-14.169400
-14.004077
-13.695271
-13.243925
-12.652436
-11.924645
-11.065826
-10.082653
-8.983150
-7.776637
-6.473657
-5.085882
-3.626020
-2.107702
-0.545361
1.045899
2.650438
4.252220
5.834960
7.382255
8.877707
10.305013
11.647982
12.890399
14.015602
15.005345
15.837184
16.478579
16.874174
16.920845
16.430090
15.115521
12.743710
9.549134
6.382274
3.990830
2.455492
1.485082
0.801807
0.243363
-0.266395
-0.757860
-1.240437
-1.714702
-2.177766
-2.625490
-3.053366
-3.456862
-3.831577
-4.173316
-4.478147
-4.742450
-4.962958
-5.136796
-5.261512
-5.335113
-5.356091
-5.323446
-5.236699
-5.095908
-4.901682
-4.655171
-4.358073
-4.012619
-3.621561
-3.188151
-2.716120
-2.209642
-1.673303
-1.112058
-0.531190
0.063740
0.666945
1.272466
1.874229
2.466106
3.041972
3.595772
4.121580
4.613661
5.066535
5.475032
5.834356
6.140137
6.388483
6.576035
6.700006
6.758218
6.749145
6.671927
6.526396
6.313075
6.033185
5.688629
5.281975
4.816435
4.295838
3.724597
3.107681
2.450577
1.759250
1.040096
0.299892
-0.454271
-1.215046
-1.974904
-2.726206
-3.461282
-4.172503
-4.852363
-5.493560
-6.089063
-6.632197
-7.116713
-7.536852
-7.887422
-8.163846
-8.362230
-8.479400
-8.512956
-8.461299
-8.323668
-8.100156
-7.791718
-7.400181
-6.928238
-6.379429
-5.758125
-5.069491
-4.319452
-3.514640
-2.662340
-1.770427
-0.847297
0.098209
1.056891
2.019268
2.975675
3.916352
4.831538
5.711570
6.546973
7.328559
8.047512
8.695475
9.264641
9.747823
10.138542
10.431099
10.620666
10.703387
10.676507
10.538517
10.289323
9.930387
9.464796
8.897201
8.233563
7.480792
6.646304
5.737726
4.762794
3.729476
2.646206
1.522107
0.367070
-0.808287
-1.992763
-3.174753
-4.342417
-5.483840
-6.587169
-7.640745
-8.633230
-9.553723
-10.391882
-11.138034
-11.783285
-12.319623
-12.740011
-13.038468
-13.210153
-13.251427
-13.159910
-12.934520
-12.575505
-12.084471
-11.464366
-10.719490
-9.855465
-8.879193
-7.798817
-6.623647
-5.364097
-4.031585
-2.638444
-1.197807
0.276508
1.770121
3.268228
4.755728
6.217362
7.637837
9.001945
10.294644
11.501082
12.606509
13.595949
14.453415
15.160176
15.691195
16.008224
16.047785
15.705175
14.829307
13.274379
11.058446
8.519835
6.172634
4.329149
2.976866
1.951150
1.097219
0.318880
-0.431048
-1.170553
-1.902935
-2.624917
-3.330570
-4.013043
-4.665275
-5.280294
-5.851370
-6.372100
-6.836491
-7.239022
-7.574716
-7.839188
-8.028706
-8.140232
-8.171474
-8.120907
-7.987809
-7.772278
-7.475241
-7.098464
-6.644541
-6.116880
-5.519687
-4.857928
-4.137299
-3.364173
-2.545551
-1.688999
-0.802582
0.105212
1.025545
1.949316
2.867248
3.769972
4.648125
5.492435
6.293822
7.043477
7.732960
8.354281
8.899988
9.363246
9.737907
10.018609
10.200844
10.281062
10.256777
10.126670
9.890714
9.550249
9.108007
8.568027
7.935479
7.216405
6.417446
5.545659
4.608463
3.613709
2.569809
1.485841
0.371570
-0.762617
-1.905835
-3.046847
-4.174212
-5.276426
-6.342042
-7.359804
-8.318760
-9.208384
-10.018682
-10.740310
-11.364671
-11.884014
-12.291536
-12.581448
-12.749057
-12.790838
-12.704471
-12.488892
-12.144325
-11.672294
-11.075629
-10.358464
-9.526198
-8.585482
-7.544153
-6.411186
-5.196612
-3.911442
-2.567565
-1.177648
0.244982
1.686454
3.132485
4.568507
5.979798
7.351611
8.669286
9.918347
11.084552
12.153852
13.112201
13.945049
14.636255
15.165888
15.506120
15.614276
15.423326
14.835864
13.741587
12.090094
10.006511
7.814291
5.852538
4.269743
3.019507
1.982050
1.053426
0.170264
-0.697301
-1.558713
-2.412928
-3.254172
-4.074800
-4.866571
-5.621183
-6.330513
-6.986753
-7.582508
-8.110873
-8.565522
-8.940766
-9.231640
-9.433941
-9.544301
-9.560226
-9.480132
-9.303379
-9.030293
-8.662171
-8.201287
-7.650886
-7.015162
-6.299234
-5.509104
-4.651613
-3.734388
-2.765772
-1.754753
-0.710888
0.355789
1.434856
2.515602
3.587127
4.638446
5.658595
6.636733
7.562241
8.424828
9.214610
9.922199
10.538766
11.056102
11.466652
11.763556
11.940709
11.992859
11.915821
11.706866
11.365307
10.893228
10.296132
9.583123
8.766253
7.859013
6.874422
5.823546
4.715111
3.556240
2.353791
1.115515
-0.149362
-1.430157
-2.715084
-3.991673
-5.247122
-6.468551
-7.643190
-8.758531
-9.802465
-10.763422
-11.630483
-12.393510
-13.043259
-13.571480
-13.971028
-14.235943
-14.361526
-14.344418
-14.182631
-13.875617
-13.424276
-12.830976
-12.099549
-11.235279
-10.244864
-9.136377
-7.919204
-6.603966
-5.202435
-3.727437
-2.192732
-0.612900
0.996796
2.620543
4.242125
5.845062
7.412751
8.928586
10.376044
11.738700
13.000075
14.143157
15.149150
15.994560
16.644527
17.038218
17.059893
16.495567
15.024527
12.417489
9.022610
5.820091
3.524604
2.109235
1.233622
0.619604
0.115829
-0.345599
-0.790833
-1.227573
-1.655958
-2.073218
-2.475559
-2.858896
-3.219146
-3.552359
-3.854782
-4.122912
-4.353538
-4.543777
-4.691110
-4.793407
-4.848964
-4.856520
-4.815279
-4.724921
-4.585619
-4.398040
-4.163347
-3.883196
-3.559725
-3.195540
-2.793699
-2.357682
-1.891370
-1.399005
-0.885157
-0.354683
0.187320
0.735560
1.284603
1.828923
2.362957
2.881161
3.378067
3.848339
4.286826
4.688622
5.049121
5.364062
5.629585
5.842275
5.999205
6.097975
6.136746
6.114264
6.029884
5.883584
5.675966
5.408261
5.082316
4.700583
4.266095
3.782450
3.253776
2.684705
2.080333
1.446185
0.788163
0.112502
-0.574292
-1.265499
-1.954249
-2.633591
-3.296563
-3.936257
-4.545895
-5.118896
-5.648949
-6.130077
-6.556707
-6.923725
-7.226543
-7.461149
-7.624155
-7.712844
-7.725205
-7.659966
-7.516614
-7.295420
-6.997435
-6.624506
-6.179260
-5.665093
-5.086144
-4.447273
-3.754010
-3.012524
-2.229560
-1.412386
-0.568725
0.293312
1.165306
2.038604
2.904407
3.753850
4.578092
5.368402
6.116252
6.813393
7.451951
8.024502
8.524160
8.944653
9.280391
9.526565
9.679206
9.735280
9.692770
9.550745
9.309439
8.970270
8.535829
8.009798
7.396808
6.702287
5.932304
5.093484
4.192988
3.238548
2.238506
1.201837
0.138107
-0.942604
-2.029815
-3.112771
-4.180561
-5.222245
-6.226970
-7.184084
-8.083248
-8.914551
-9.668605
-10.336665
-10.910713
-11.383555
-11.748909
-12.001480
-12.137025
-12.152417
-12.045687
-11.816072
-11.464032
-10.991265
-10.400710
-9.696540
-8.884133
-7.970039
-6.961931
-5.868549
-4.699624
-3.465797
-2.178527
-0.849989
0.507033
1.879268
3.253076
4.614573
5.949760
7.244644
8.485351
9.658219
10.749875
11.747221
12.637336
13.407179
14.042936
14.528789
14.844742
14.963237
14.844914
14.436123
13.675538
12.521664
11.003272
9.256937
7.489764
5.873336
4.469676
3.247098
2.138954
1.086780
0.054774
-0.972486
-1.997107
-3.014026
-4.014885
-4.990046
-5.929517
-6.823373
-7.661954
-8.435998
-9.136749
-9.756053
-10.286452
-10.721272
-11.054695
-11.281842
-11.398823
-11.402801
-11.292031
-11.065903
-10.724953
-10.270885
-9.706563
-9.036009
-8.264376
-7.397912
-6.443914
-5.410674
-4.307408
-3.144181
-1.931814
-0.681793
0.593838
1.882586
3.171624
4.447911
5.698312
6.909714
8.069143
9.163863
10.181453
11.109859
11.937374
12.652524
13.243809
13.699179
14.005210
14.145924
14.101486
13.847695
13.358224
12.612574
11.611110
10.391607
9.032403
7.630105
6.262351
4.963597
3.728628
2.532880
1.351619
0.169568
-1.017807
-2.206983
-3.389683
-4.555315
-5.692373
-6.789137
-7.834011
-8.815718
-9.723434
-10.546916
-11.276609
-11.903762
-12.420516
-12.820006
-13.096446
-13.245199
-13.262846
-13.147226
-12.897499
-12.514156
-11.999042
-11.355356
-10.587641
-9.701758
-8.704849
-7.605278
-6.412575
-5.137353
-3.791220
-2.386675
-0.937002
0.543852
2.041403
3.540762
5.026770
6.484131
7.897541
9.251790
10.531850
11.722876
12.810079
13.778339
14.611271
15.289223
15.785162
16.056812
16.033390
15.599495
14.596059
12.891651
10.561036
8.007239
5.738757
4.000787
2.730574
1.753931
0.925568
0.160247
-0.581958
-1.315185
-2.040960
-2.755290
-3.452015
-4.124250
-4.764986
-5.367339
-5.924681
-6.430736
-6.879641
-7.266021
-7.585047
-7.832497
-8.004804
-8.099101
-8.113269
-8.045959
-7.896617
-7.665517
-7.353751
-6.963246
-6.496749
-5.957814
-5.350778
-4.680731
-3.953473
-3.175471
-2.353802
-1.496089
-0.610437
0.294641
1.210306
2.127475
3.036905
3.929284
4.795324
5.625848
6.411884
7.144756
7.816169
8.418294
8.943856
9.386208
9.739411
9.998322
10.158669
10.217154
10.171555
10.020837
9.765249
9.406392
8.947218
8.391932
7.745805
7.014905
6.205878
5.325783
4.382079
3.382699
2.336171
1.251695
0.139139
-0.991044
-2.127939
-3.260322
-4.376791
-5.465912
-6.516336
-7.516926
-8.456872
-9.325810
-10.113931
-10.812090
-11.411905
-11.905861
-12.287391
-12.550959
-12.692137
-12.707657
-12.595472
-12.354784
-11.986079
-11.491141
-10.873048
-10.136168
-9.286132
-8.329793
-7.275183
-6.131442
-4.908751
-3.618243
-2.271903
-0.882467
0.536695
1.971702
3.408285
4.831923
6.227968
7.581769
8.878791
10.104698
11.245392
12.286967
13.215477
14.016397
14.673434
15.166228
15.466107
15.529172
15.287518
14.645713
13.503102
11.829285
9.768224
7.637343
5.744055
4.209307
2.980232
1.943632
1.004028
0.104061
-0.782697
-1.663903
-2.537606
-3.397537
-4.235746
-5.043760
-5.813081
-6.535413
-7.202790
-7.807676
-8.343044
-8.802466
-9.180171
-9.471128
-9.671107
-9.776722
-9.785492
-9.695868
-9.507270
-9.220108
-8.835787
-8.356711
-7.786280
-7.128862
-6.389768
-5.575211
-4.692260
-3.748782
-2.753373
-1.715285
-0.644342
0.449148
1.554486
2.660688
3.756581
4.830915
5.872465
6.870139
7.813081
8.690763
9.493082
10.210425
10.833732
11.354541
11.765009
12.057915
12.226691
12.265520
12.169561
11.935438
11.562040
11.051582
10.410565
9.650128
8.785169
7.832173
6.806501
5.720337
4.582291
3.398594
2.175008
0.918418
-0.362451
-1.657099
-2.953731
-4.239783
-5.502344
-6.728426
-7.905175
-9.020024
-10.060831
-11.016014
-11.874672
-12.626714
-13.262961
-13.775270
-14.156614
-14.401181
-14.504447
-14.463243
-14.275805
-13.941814
-13.462424
-12.840267
-12.079454
-11.185556
-10.165569
-9.027864
-7.782122
-6.439267
-5.011364
-3.511522
-1.953777
-0.352969
1.275392
2.915268
4.550234
6.163623
7.738665
9.258597
10.706745
12.066499
13.321109
14.453045
15.442407
16.263174
16.874605
17.202440
17.102594
16.313402
14.479900
11.471188
7.906394
4.869249
2.860654
1.670037
0.930556
0.396236
-0.055062
-0.474992
-0.882272
-1.281650
-1.672315
-2.051380
-2.415256
-2.760184
-3.082450
-3.378487
-3.644926
-3.878644
-4.076799
-4.236865
-4.356659
-4.434371
-4.468588
-4.458311
-4.402977
-4.302464
-4.157109
-3.967699
-3.735481
-3.462148
-3.149838
-2.801110
-2.418929
-2.006643
-1.567953
-1.106882
-0.627741
-0.135087
0.366316
0.871545
1.375564
1.873269
2.359547
2.829318
3.277595
3.699532
4.090473
4.446008
4.762019
5.034728
5.260737
5.437076
5.561234
5.631196
5.645473
5.603118
5.503748
5.347550
5.135291
4.868307
4.548503
4.178334
3.760790
3.299368
2.798052
2.261276
1.693893
1.101132
0.488555
-0.137993
-0.772438
-1.408532
-2.039914
-2.660172
-3.262910
-3.841807
-4.390687
-4.903580
-5.374788
-5.798946
-6.171080
-6.486664
-6.741673
-6.932631
-7.056651
-7.111478
-7.095523
-7.007879
-6.848350
-6.617460
-6.316461
-5.947330
-5.512756
-5.016132
-4.461527
-3.853655
-3.197838
-2.499962
-1.766428
-1.004094
-0.220211
0.577638
1.381615
2.183695
2.975751
3.749626
4.497220
5.210567
5.881918
6.503823
7.069209
7.571453
8.004466
8.362764
8.641536
8.836711
8.945036
8.964132
8.892550
8.729823
8.476482
8.134068
7.705081
7.192938
6.601873
5.936863
5.203560
4.408245
3.557813
2.659765
1.722189
0.753726
-0.236501
-1.238966
-2.243842
-3.241106
-4.220643
-5.172352
-6.086256
-6.952601
-7.761960
-8.505338
-9.174262
-9.760884
-10.258061
-10.659445
-10.959553
-11.153837
-11.238750
-11.211784
-11.071532
-10.817695
-10.451118
-9.973791
-9.388854
-8.700573
-7.914325
-7.036549
-6.074710
-5.037230
-3.933423
-2.773414
-1.568052
-0.328809
0.932320
2.202930
3.470318
4.721606
5.943855
7.124181
8.249868
9.308469
10.287870
11.176348
11.962543
12.635352
13.183677
13.595962
13.859475
13.959378
13.877867
13.594272
13.087823
12.345085
11.372217
10.206515
8.916006
7.580154
6.261399
4.987743
3.756057
2.547917
1.344781
0.135885
-1.080544
-2.299452
-3.511718
-4.706237
-5.871130
-6.994357
-8.064031
-9.068597
-9.996971
-10.838673
-11.583925
-12.223778
-12.750202
-13.156192
-13.435846
-13.584445
-13.598517
-13.475894
-13.215746
-12.818622
-12.286452
-11.622561
-10.831648
-9.919758
-8.894254
-7.763751
-6.538054
-5.228079
-3.845754
-2.403923
-0.916231
0.603004
2.138913
3.676218
5.199364
6.692660
8.140400
9.526973
10.836927
12.054948
13.165666
14.153111
14.999426
15.682057
16.167862
16.401577
16.286335
15.662306
14.322243
12.153009
9.400359
6.685469
4.530009
3.016416
1.954835
1.137624
0.431149
-0.231755
-0.878715
-1.517675
-2.147806
-2.764711
-3.362687
-3.935659
-4.477559
-4.982487
-5.444816
-5.859256
-6.220920
-6.525375
-6.768699
-6.947523
-7.059078
-7.101229
-7.072507
-6.972137
-6.800051
-6.556901
-6.244067
-5.863651
-5.418466
-4.912022
-4.348496
-3.732708
-3.070074
-2.366567
-1.628662
-0.863278
-0.077721
0.720391
1.523193
2.322653
3.110645
3.879032
4.619745
5.324866
5.986709
6.597896
7.151444
7.640835
8.060093
8.403857
8.667453
8.846964
8.939294
8.942230
8.854501
8.675817
8.406887
8.049419
7.606080
7.080423
6.476812
5.800337
5.056752
4.252437
3.394386
2.490198
1.548052
0.576667
-0.414768
-1.416684
-2.419225
-3.412361
-4.385990
-5.330043
-6.234589
-7.089945
-7.886770
-8.616169
-9.269790
-9.839916
-10.319554
-10.702514
-10.983487
-11.158107
-11.223018
-11.175909
-11.015570
-10.741906
-10.355968
-9.859946
-9.257178
-8.552124
-7.750342
-6.858453
-5.884080
-4.835798
-3.723056
-2.556099
-1.345874
-0.103937
1.157656
2.426461
3.689756
4.934665
6.148273
7.317741
8.430417
9.473932
10.436266
11.305788
12.071223
12.721537
13.245640
13.631916
13.867476
13.937220
13.823119
13.504648
12.962143
12.184938
11.183728
10.000583
8.705643
7.375831
6.067651
4.803294
3.576525
2.368730
1.162838
-0.050085
-1.270348
-2.491972
-3.705351
-4.899154
-6.061409
-7.180057
-8.243216
-9.239367
-10.157484
-10.987156
-11.718705
-12.343291
-12.853017
-13.241023
-13.501569
-13.630110
-13.623363
-13.479354
-13.197465
-12.778456
-12.224474
-11.539068
-10.727155
-9.795002
-8.750187
-7.601532
-6.359044
-5.033827
-3.637989
-2.184536
-0.687260
0.839391
2.380440
3.920517
5.443998
6.935140
8.378203
9.757559
11.057734
12.263371
13.358995
14.328359
15.152947
15.808719
16.259298
16.442862
16.250748
15.507569
14.002539
11.666850
8.839669
6.182942
4.150175
2.744581
1.751750
0.972655
0.287353
-0.361910
-0.997769
-1.625885
-2.244521
-2.848992
-3.433566
-3.992244
-4.519071
-5.008284
-5.454403
-5.852294
-6.197229
-6.484943
-6.711680
-6.874241
-6.970026
-6.997066
-6.954057
-6.840374
-6.656102
-6.402033
-6.079675
-5.691246
-5.239664
-4.728526
-4.162086
-3.545216
-2.883374
-2.182550
-1.449223
-0.690296
0.086965
0.874995
1.666005
2.452054
3.225127
3.977216
4.700394
5.386902
6.029226
6.620174
7.152958
7.621265
8.019334
8.342025
8.584891
8.744246
8.817221
8.801831
8.697021
8.502698
8.219753
7.850039
7.396338
6.862285
6.252306
5.571536
4.825767
4.021423
3.165538
2.265738
1.330221
0.367698
-0.612679
-1.601401
-2.588708
-3.564684
-4.519367
-5.442851
-6.325387
-7.157487
-7.930027
-8.634340
-9.262317
-9.806488
-10.260118
-10.617277
-10.872917
-11.022937
-11.064234
-10.994755
-10.813533
-10.520705
-10.117539
-9.606432
-8.990903
-8.275578
-7.466157
-6.569374
-5.592946
-4.545512
-3.436555
-2.276327
-1.075753
0.153663
1.399948
2.650767
3.893538
5.115550
6.304080
7.446503
8.530408
9.543679
10.474574
11.311755
12.044268
12.661418
13.152540
13.506557
13.711391
13.753263
13.616323
13.283445
12.739584
11.978839
11.014129
9.883946
8.648171
7.370685
6.098413
4.850822
3.624516
2.405881
1.182425
-0.051601
-1.294619
-2.539623
-3.776438
-4.993369
-6.178170
-7.318531
-8.402338
-9.417849
-10.353822
-11.199643
-11.945447
-12.582219
-13.101912
-13.497527
-13.763217
-13.894343
-13.887562
-13.740860
-13.453605
-13.026568
-12.461943
-11.763340
-10.935775
-9.985632
-8.920634
-7.749779
-6.483263
-5.132404
-3.709545
-2.227945
-0.701660
0.854581
2.425510
3.995456
5.548493
7.068566
8.539619
9.945699
11.270986
12.499734
13.615959
14.602631
15.439797
16.100426
16.541569
16.687012
16.399300
15.458025
13.623096
10.903421
7.843420
5.214561
3.359622
2.140234
1.290550
0.616791
0.015788
-0.557981
-1.120775
-1.675665
-2.220256
-2.750074
-3.259952
-3.744582
-4.198747
-4.617432
-4.995895
-5.329729
-5.614901
-5.847814
-6.025338
-6.144854
-6.204288
-6.202137
-6.137499
-6.010082
-5.820227
-5.568906
-5.257726
-4.888919
-4.465333
-3.990411
-3.468163
-2.903139
-2.300388
-1.665418
-1.004143
-0.322835
0.371940
1.073374
1.774492
2.468212
3.147417
3.805027
4.434068
5.027744
5.579515
6.083155
6.532833
6.923172
7.249315
7.506989
7.692559
7.803083
7.836359
7.790964
7.666279
7.462515
7.180705
6.822691
6.391104
5.889319
5.321421
4.692165
4.006937
3.271724
2.493086
1.678104
0.834343
-0.030218
-0.907257
-1.788183
-2.664227
-3.526527
-4.366220
-5.174530
-5.942862
-6.662891
-7.326651
-7.926619
-8.455800
-8.907804
-9.276921
-9.558188
-9.747455
-9.841428
-9.837728
-9.734921
-9.532548
-9.231147
-8.832262
-8.338443
-7.753229
-7.081137
-6.327628
-5.499066
-4.602666
-3.646439
-2.639121
-1.590097
-0.509316
0.592796
1.705437
2.817524
3.917804
4.994956
6.037698
7.034895
7.975660
8.849449
9.646148
10.356144
10.970382
11.480393
11.878315
12.156891
12.309487
12.330196
12.214098
11.957812
11.560406
11.024559
10.357615
9.571850
8.683353
7.709524
6.666101
5.565121
4.414735
3.220708
1.988512
0.724954
-0.561173
-1.859256
-3.157396
-4.442957
-5.702984
-6.924483
-8.094611
-9.200834
-10.231068
-11.173804
-12.018241
-12.754404
-13.373249
-13.866782
-14.228148
-14.451715
-14.533155
-14.469508
-14.259223
-13.902208
-13.399844
-12.755000
-11.972015
-11.056695
-10.016257
-8.859297
-7.595710
-6.236617
-4.794274
-3.281961
-1.713874
-0.104988
1.529068
3.172159
4.807786
6.419225
7.989671
9.502339
10.940539
12.287622
13.526731
14.640038
15.606901
16.399494
16.972849
17.243309
17.048264
16.100069
14.043272
10.845633
7.279014
4.405006
2.569977
1.490108
0.807668
0.301094
-0.135541
-0.545841
-0.945019
-1.336433
-1.718781
-2.089045
-2.443645
-2.778883
-3.091130
-3.376910
-3.632955
-3.856245
-4.044040
-4.193921
-4.303809
-4.371997
-4.397175
-4.378443
-4.315330
-4.207805
-4.056284
-3.861631
-3.625159
-3.348621
-3.034199
-2.684492
-2.302493
-1.891563
-1.455409
-0.998046
-0.523765
-0.037091
0.457254
0.954404
1.449385
1.937175
2.412744
2.871111
3.307393
3.716855
4.094962
4.437428
4.740264
4.999824
5.212845
5.376491
5.488385
5.546644
5.549903
5.497339
5.388679
5.224220
5.004821
4.731907
4.407457
4.033987
3.614537
3.152643
2.652313
2.117995
1.554538
0.967154
0.361374
-0.257002
-0.881960
-1.507327
-2.126830
-2.734160
-3.323031
-3.887251
-4.420775
-4.917782
-5.372722
-5.780388
-6.135969
-6.435103
-6.673935
-6.849153
-6.958038
-6.998496
-6.969091
-6.869067
-6.698370
-6.457654
-6.148290
-5.772361
-5.332650
-4.832625
-4.276416
-3.668779
-3.015064
-2.321163
-1.593466
-0.838798
-0.064364
0.722324
1.513511
2.301281
3.077624
3.834522
4.564027
5.258339
5.909889
6.511416
7.056046
7.537367
7.949505
8.287194
8.545848
8.721623
8.811493
8.813293
8.725784
8.548688
8.282706
7.929509
7.491701
6.972763
6.376974
5.709336
4.975522
4.181832
3.335186
2.443101
1.513666
0.555499
-0.422324
-1.410355
-2.398871
-3.377979
-4.337715
-5.268151
-6.159500
-7.002215
-7.787091
-8.505363
-9.148808
-9.709820
-10.181518
-10.557805
-10.833462
-11.004197
-11.066710
-11.018744
-10.859114
-10.587748
-10.205689
-9.715122
-9.119347
-8.422780
-7.630916
-6.750297
-5.788453
-4.753851
-3.655822
-2.504476
-1.310618
-0.085648
1.158539
2.409667
3.655193
4.882418
6.078609
7.231114
8.327469
9.355492
10.303363
11.159661
11.913363
12.553740
13.070133
13.451586
13.686252
13.760712
13.659480
13.365479
12.862786
12.142995
11.214680
10.111370
8.889965
7.615445
6.339370
5.086552
3.857062
2.638171
1.416496
0.184795
-1.056668
-2.301756
-3.540751
-4.762163
-5.953804
-7.103354
-8.198651
-9.227872
-10.179672
-11.043312
-11.808774
-12.466877
-13.009382
-13.429086
-13.719914
-13.876995
-13.896733
-13.776859
-13.516474
-13.116080
-12.577598
-11.904366
-11.101133
-10.174027
-9.130518
-7.979358
-6.730521
-5.395117
-3.985299
-2.514155
-0.995597
0.555768
2.124766
3.695798
5.252978
6.780268
8.261609
9.681025
11.022675
12.270817
13.409559
14.422180
15.289529
15.986449
16.474108
16.684664
16.495106
15.700894
14.052567
11.481351
8.426088
5.669283
3.665196
2.343302
1.439523
0.741356
0.130350
-0.447578
-1.012764
-1.570038
-2.117704
-2.651537
-3.166436
-3.657089
-4.118243
-4.544831
-4.932048
-5.275406
-5.570795
-5.814520
-6.003354
-6.134571
-6.205985
-6.215977
-6.163525
-6.048217
-5.870268
-5.630528
-5.330483
-4.972245
-4.558548
-4.092725
-3.578683
-3.020875
-2.424263
-1.794274
-1.136758
-0.457927
0.235695
0.937334
1.640033
2.336714
3.020253
3.683547
4.319586
4.921525
5.482757
5.996982
6.458277
6.861165
7.200673
7.472405
7.672592
7.798146
7.846715
7.816718
7.707379
7.518745
7.251689
6.907903
6.489871
6.000830
5.444736
4.826222
4.150561
3.423634
2.651899
1.842348
1.002465
0.140162
-0.736286
-1.618324
-2.497200
-3.364051
-4.209993
-5.026217
-5.804073
-6.535164
-7.211438
-7.825265
-8.369534
-8.837720
-9.223969
-9.523159
-9.730971
-9.843935
-9.859486
-9.776000
-9.592827
-9.310309
-8.929795
-8.453638
-7.885193
-7.228795
-6.489728
-5.674193
-4.789252
-3.842777
-2.843379
-1.800334
-0.723503
0.376761
1.489707
2.604284
3.709249
4.793269
5.845031
6.853350
7.807265
8.696145
9.509768
10.238403
10.872867
11.404557
11.825472
12.128203
12.305962
12.352638
12.263034
12.033350
11.662037
11.150956
10.506532
9.740235
8.867765
7.906723
6.873560
5.781208
4.638501
3.451437
2.225306
0.966499
-0.316635
-1.613825
-2.913383
-4.202783
-5.469100
-6.699327
-7.880576
-9.000241
-10.046136
-11.006629
-11.870772
-12.628419
-13.270342
-13.788338
-14.175323
-14.425428
-14.534071
-14.498027
-14.315475
-13.986046
-13.510839
-12.892444
-12.134921
-11.243807
-10.226059
-9.090016
-7.845336
-6.502922
-5.074824
-3.574146
-2.014920
-0.411992
1.219117
2.862352
4.501262
6.119154
7.699220
9.224658
10.678753
12.044849
13.306160
14.445123
15.441833
16.270302
16.889889
17.226429
17.135586
16.353807
14.520365
11.496672
7.905556
4.847985
2.832866
1.644847
0.911587
0.384609
-0.059006
-0.471116
-0.870518
-1.262025
-1.644900
-2.016334
-2.372817
-2.710666
-3.026247
-3.316063
-3.576816
-3.805449
-3.999179
-4.155535
-4.272381
-4.347949
-4.380858
-4.370138
-4.315241
-4.216057
-4.072918
-3.886606
-3.658349
-3.389814
-3.083102
-2.740727
-2.365602
-1.961016
-1.530600
-1.078305
-0.608358
-0.125232
0.366402
0.861716
1.355769
1.843561
2.320076
2.780339
3.219461
3.632694
4.015479
4.363496
4.672712
4.939429
5.160324
5.332490
5.453475
5.521309
5.534537
5.492239
5.394046
5.240147
5.031300
4.768821
4.454582
4.090998
3.681004
3.228037
2.736010
2.209277
1.652602
1.071119
0.470285
-0.144165
-0.766269
-1.389901
-2.008823
-2.616748
-3.207405
-3.774598
-4.312274
-4.814583
-5.275944
-5.691102
-6.055185
-6.363764
-6.612899
-6.799191
-6.919817
-6.972578
-6.955920
-6.868969
-6.711544
-6.484165
-6.188073
-5.825213
-5.398237
-4.910478
-4.365935
-3.769238
-3.125615
-2.440844
-1.721207
-0.973434
-0.204640
0.577738
1.366010
2.152310
2.928666
3.687085
4.419625
5.118482
5.776065
6.385077
6.938593
7.430135
7.853748
8.204070
8.476405
8.666788
8.772048
8.789873
8.718858
8.558549
8.309464
7.973091
7.551856
7.049065
6.468836
5.816026
5.096168
4.315430
3.480600
2.599066
1.678798
0.728295
-0.243469
-1.227137
-2.213059
-3.191397
-4.152224
-5.085631
-5.981830
-6.831254
-7.624660
-8.353224
-9.008643
-9.583222
-10.069963
-10.462646
-10.755901
-10.945280
-11.027312
-10.999556
-10.860634
-10.610271
-10.249307
-9.779712
-9.204574
-8.528097
-7.755568
-6.893316
-5.948676
-4.929923
-3.846206
-2.707469
-1.524363
-0.308151
0.929393
2.176095
3.419488
4.646939
5.845753
7.003299
8.107112
9.144998
10.105107
10.975998
11.746626
12.406286
12.944424
13.350303
13.612503
13.718266
13.652989
13.400455
12.944956
12.276629
11.400021
10.342389
9.154547
7.898909
6.629349
5.375933
4.143651
2.922409
1.699191
0.465897
-0.778318
-2.028150
-3.274352
-4.505624
-5.709810
-6.874534
-7.987531
-9.036839
-10.010952
-10.898937
-11.690563
-12.376414
-12.947996
-13.397832
-13.719563
-13.908017
-13.959288
-13.870792
-13.641312
-13.271031
-12.761558
-12.115921
-11.338568
-10.435341
-9.413439
-8.281363
-7.048857
-5.726820
-4.327229
-2.863019
-1.347981
0.203367
1.775908
3.354065
4.921942
6.463460
7.962491
9.402962
10.768936
12.044583
13.213985
14.260568
15.165702
15.905574
16.444351
16.720192
16.620117
15.949709
14.449406
11.986809
8.913877
6.025165
3.878686
2.466514
1.522955
0.815172
0.209093
-0.357853
-0.910024
-1.454051
-1.989047
-2.511176
-3.015563
-3.497051
-3.950506
-4.370966
-4.753711
-5.094325
-5.388750
-5.633328
-5.824852
-5.960596
-6.038355
-6.056476
-6.013879
-5.910080
-5.745206
-5.519996
-5.235811
-4.894626
-4.499019
-4.052157
-3.557770
-3.020122
-2.443980
-1.834572
-1.197538
-0.538883
0.135076
0.817774
1.502453
2.182236
2.850184
3.499375
4.122965
4.714261
5.266794
5.774388
6.231221
6.631897
6.971507
7.245690
7.450692
7.583415
7.641468
7.623201
7.527741
7.355012
7.105736
6.781431
6.384387
5.917640
5.384932
4.790676
4.139925
3.438331
2.692119
1.908042
1.093340
0.255674
-0.596933
-1.456173
-2.313539
-3.160402
-3.988104
-4.788043
-5.551765
-6.271048
-6.937991
-7.545100
-8.085367
-8.552351
-8.940250
-9.243974
-9.459193
-9.582412
-9.611005
-9.543260
-9.378407
-9.116643
-8.759147
-8.308072
-7.766553
-7.138679
-6.429475
-5.644858
-4.791596
-3.877254
-2.910123
-1.899157
-0.853890
0.215652
1.299042
2.385547
3.464232
4.524064
5.554014
6.543164
7.480805
8.356545
9.160386
9.882818
10.514880
11.048217
11.475118
11.788557
11.982223
12.050628
11.989292
11.795123
11.467008
11.006584
10.418988
9.713151
8.901272
7.997307
7.014923
5.965791
4.858985
3.701657
2.500424
1.262688
-0.002653
-1.285154
-2.573161
-3.854260
-5.115654
-6.344433
-7.527779
-8.653117
-9.708261
-10.681541
-11.561936
-12.339189
-13.003922
-13.547751
-13.963383
-14.244698
-14.386841
-14.386284
-14.240880
-13.949911
-13.514107
-12.935675
-12.218286
-11.367068
-10.388577
-9.290746
-8.082833
-6.775348
-5.379960
-3.909406
-2.377380
-0.798403
0.812296
2.438926
4.065272
5.674842
7.251002
8.777101
10.236563
11.612912
12.889639
14.049765
15.074687
15.941460
16.616541
17.041985
17.107580
16.607067
15.220641
12.688836
9.298702
6.021030
3.636831
2.165185
1.265319
0.645503
0.144510
-0.310615
-0.748301
-1.177234
-1.597991
-2.008018
-2.403648
-2.780888
-3.135733
-3.464297
-3.762887
-4.028052
-4.256621
-4.445748
-4.592937
-4.696079
-4.753473
-4.763855
-4.726413
-4.640807
-4.507174
-4.326139
-4.098814
-3.826790
-3.512136
-3.157380
-2.765493
-2.339864
-1.884274
-1.402864
-0.900097
-0.380719
0.150285
0.687734
1.226308
1.760590
2.285126
2.794477
3.283274
3.746273
4.178413
4.574866
4.931094
5.242898
5.506465
5.718420
5.875861
5.976401
6.018198
5.999988
5.921097
5.781460
5.581629
5.322766
5.006644
4.635626
4.212653
3.741216
3.225333
2.669518
2.078744
1.458405
0.814272
0.152442
-0.520717
-1.198624
-1.874548
-2.541675
-3.193171
-3.822257
-4.422273
-4.986752
-5.509483
-5.984584
-6.406557
-6.770360
-7.071459
-7.305880
-7.470262
-7.561897
-7.578766
-7.519578
-7.383780
-7.171590
-6.883994
-6.522751
-6.090392
-5.590199
-5.026189
-4.403084
-3.726272
-3.001762
-2.236139
-1.436498
-0.610391
0.234249
1.089182
1.945933
2.795878
3.630323
4.440596
5.218125
5.954531
6.641710
7.271918
7.837852
8.332729
8.750372
9.085278
9.332695
9.488705
9.550293
9.515433
9.383154
9.153595
8.828035
8.408874
7.899558
7.304472
6.628793
5.878371
5.059648
4.179628
3.245906
2.266688
1.250792
0.207615
-0.852950
-1.920622
-2.984843
-4.034903
-5.060056
-6.049633
-6.993153
-7.880440
-8.701723
-9.447752
-10.109887
-10.680202
-11.151576
-11.517775
-11.773527
-11.914596
-11.937834
-11.841230
-11.623952
-11.286366
-10.830062
-10.257840
-9.573716
-8.782895
-7.891732
-6.907691
-5.839285
-4.696005
-3.488246
-2.227209
-0.924808
0.406441
1.753532
3.103091
4.441497
5.755008
7.029881
8.252488
9.409417
10.487541
11.474050
12.356375
13.121984
13.757895
14.249766
14.580300
14.726784
14.658015
14.332239
13.700808
12.725407
11.412745
9.848903
8.190826
6.598059
5.159471
3.878587
2.710332
1.602782
0.518841
-0.560058
-1.638393
-2.712241
-3.773478
-4.812207
-5.817949
-6.780183
-7.688602
-8.533263
-9.304716
-9.994098
-10.593234
-11.094739
-11.492093
-11.779729
-11.953100
-12.008740
-11.944313
-11.758657
-11.451818
-11.025054
-10.480856
-9.822934
-9.056199
-8.186731
-7.221741
-6.169509
-5.039320
-3.841390
-2.586770
-1.287257
0.044718
1.396198
2.753825
4.103956
5.432795
6.726509
7.971354
9.153769
10.260469
11.278468
12.195048
12.997570
13.673051
14.207327
14.583546
14.779744
14.765562
14.499327
13.929699
13.010066
11.732674
10.169893
8.478420
6.834940
5.350323
4.040796
2.862395
1.758253
0.685474
-0.378909
-1.442081
-2.501585
-3.550040
-4.577930
-5.574992
-6.530849
-7.435299
-8.278482
-9.050995
-9.744004
-10.349339
-10.859591
-11.268190
-11.569496
-11.758860
-11.832685
-11.788491
-11.624943
-11.341887
-10.940373
-10.422660
-9.792207
-9.053662
-8.212837
-7.276658
-6.253116
-5.151208
-3.980855
-2.752823
-1.478623
-0.170411
1.159123
2.496869
3.829425
5.143212
6.424600
7.660028
8.836110
9.939725
10.958070
11.878645
12.689147
13.377153
13.929523
14.331278
14.563822
14.602471
14.414050
13.957177
13.190722
12.096524
10.712427
9.148922
7.556884
6.058780
4.702735
3.471316
2.319265
1.204470
0.100637
-1.002794
-2.105458
-3.200863
-4.279626
-5.331235
-6.344884
-7.309858
-8.215733
-9.052511
-9.810740
-10.481606
-11.057042
-11.529822
-11.893642
-12.143198
-12.274257
-12.283712
-12.169637
-11.931316
-11.569279
-11.085303
-10.482425
-9.764924
-8.938296
-8.009220
-6.985511
-5.876056
-4.690740
-3.440365
-2.136555
-0.791653
0.581392
1.969138
3.357780
4.733273
6.081458
7.388186
8.639432
9.821390
10.920524
11.923556
12.817339
13.588471
14.222543
14.702624
15.006661
15.103344
14.947001
14.475011
13.617548
12.334368
10.677015
8.822798
7.008677
5.401860
4.037702
2.860930
1.794459
0.778841
-0.219261
-1.212771
-2.202281
-3.182120
-4.143867
-5.078099
-5.975161
-6.825516
-7.619922
-8.349548
-9.006083
-9.581820
-10.069752
-10.463643
-10.758116
-10.948710
-11.031940
-11.005352
-10.867557
-10.618268
-10.258315
-9.789656
-9.215369
-8.539645
-7.767763
-6.906046
-5.961823
-4.943359
-3.859802
-2.721090
-1.537870
-0.321407
0.916525
2.163750
3.407802
4.636037
5.835760
6.994330
8.099274
9.138385
10.099812
10.972095
11.744184
12.405359
12.945055
13.352521
13.616317
13.723663
13.659909
13.408755
12.954363
12.286694
11.410114
10.351810
9.162727
7.905625
6.634777
5.380527
4.147941
2.926841
1.704064
0.471368
-0.772192
-2.021375
-3.266968
-4.497692
-5.701399
-6.865720
-7.978396
-9.027472
-10.001440
-10.889376
-11.681049
-12.367043
-12.938864
-13.389035
-13.711193
-13.900167
-13.952044
-13.864236
-13.635520
-13.266074
-12.757498
-12.112812
-11.336455
-10.434262
-9.413420
-8.282417
-7.050992
-5.730032
-4.331500
-2.868322
-1.354279
0.196123
1.767778
3.345117
4.912255
6.453122
7.951597
9.391618
10.757254
12.032685
13.202010
14.248676
15.154102
15.894577
16.434498
16.712524
16.616684
15.954216
14.466822
12.019466
8.955669
6.064672
3.909438
2.488815
1.539372
0.827769
0.218992
-0.350168
-0.904398
-1.450466
-1.987531
-2.511764
-3.018275
-3.501890
-3.957457
-4.379989
-4.764747
-5.107292
-5.403547
-5.649835
-5.842927
-5.980081
-6.059075
-6.078240
-6.036485
-5.933315
-5.768843
-5.543803
-5.259552
-4.918060
-4.521907
-4.074259
-3.578851
-3.039956
-2.462349
-1.851267
-1.212366
-0.551667
0.124496
0.809536
1.496677
2.179016
2.849591
3.501454
4.127735
4.721714
5.276895
5.787073
6.246398
6.649448
6.991288
7.267530
7.474397
7.608768
7.668230
7.651116
7.556540
7.384411
7.135446
6.811156
6.413830
5.946507
5.412930
4.817519
4.165335
3.462041
2.713873
1.927599
1.110475
0.270181
-0.585236
-1.447446
-2.307912
-3.157979
-3.988957
-4.792213
-5.559260
-6.281841
-6.952024
-7.562281
-8.105570
-8.575418
-8.965992
-9.272170
-9.489599
-9.614756
-9.644990
-9.578568
-9.414701
-9.153574
-8.796350
-8.345181
-7.803191
-7.174471
-6.464046
-5.677843
-4.822639
-3.906012
-2.936273
-1.922397
-0.873941
0.199040
1.286088
2.376437
3.459117
4.523054
5.557180
6.550535
7.492369
8.372243
9.180117
9.906431
10.542179
11.078950
11.508976
11.825156
12.021105
12.091233
12.030939
11.836996
11.508163
11.045998
10.455644
9.746188
8.930131
8.021825
7.035324
5.982558
4.872692
3.712809
2.509375
1.269630
0.002350
-1.282089
-2.572063
-3.855158
-5.118565
-6.349357
-7.534697
-8.661990
-9.719028
-10.694124
-11.576233
-12.355083
-13.021277
-13.566417
-13.983189
-14.265463
-14.408371
-14.408374
-14.263317
-13.972470
-13.536564
-12.957803
-12.239858
-11.387857
-10.408361
-9.309312
-8.099976
-6.790873
-5.393687
-3.921171
-2.387033
-0.805816
0.807232
2.436298
4.065144
5.677251
7.255960
8.784597
10.246556
11.625332
12.904384
14.066684
15.093564
15.961943
16.637976
17.063009
17.125166
16.614786
15.207397
12.644101
9.227758
5.946800
3.576674
2.121428
1.234059
0.623168
0.129133
-0.319873
-0.751719
-1.174871
-1.589849
-1.994115
-2.384043
-2.755696
-3.105124
-3.428497
-3.722179
-3.982771
-4.207157
-4.392535
-4.536454
-4.636844
-4.692041
-4.700810
-4.662367
-4.576389
-4.443028
-4.262916
-4.037161
-3.767354
-3.455547
-3.104251
-2.716412
-2.295386
-1.844916
-1.369099
-0.872348
-0.359356
0.164949
0.695454
1.226900
1.753943
2.271199
2.773302
3.254957
3.710995
4.136426
4.526496
4.876737
5.183016
5.441585
5.649127
5.802793
5.900244
5.939681
5.919870
5.840166
5.700522
5.501498
5.244259
4.930570
4.562781
4.143809
3.677116
3.166682
2.616980
2.032930
1.419871
0.783509
0.129871
-0.534748
-1.203848
-1.870782
-2.528822
-3.171225
-3.791302
-4.382486
-4.938402
-5.452927
-5.920267
-6.335010
-6.692195
-6.987362
-7.216608
-7.376635
-7.464791
-7.479108
-7.418332
-7.281942
-7.070176
-6.784030
-6.425267
-5.996405
-5.500710
-4.942167
-4.325458
-3.655918
-2.939498
-2.182713
-1.392583
-0.576571
0.257482
1.101435
1.946917
2.785415
3.608350
4.407163
5.173401
5.898803
6.575384
7.195516
7.752012
8.238204
8.648020
8.976063
9.217683
9.369049
9.427232
9.390274
9.257250
9.028324
8.704770
8.288939
7.784210
7.194871
6.526001
5.783355
4.973295
4.102767
3.179311
2.211078
1.206825
0.175869
-0.871994
-1.926592
-2.977488
-4.014100
-5.025810
-6.002087
-6.932587
-7.807267
-8.616490
-9.351135
-10.002687
-10.563338
-11.026077
-11.384775
-11.634254
-11.770355
-11.790002
-11.691242
-11.473286
-11.136529
-10.682572
-10.114220
-9.435470
-8.651493
-7.768603
-6.794199
-5.736716
-4.605559
-3.411016
-2.164172
-0.876813
0.438683
1.769460
3.102301
4.423747
5.720225
6.978166
8.184121
9.324863
10.387457
11.359295
12.228052
12.981501
13.607103
14.091232
14.417847
14.566460
14.509680
14.211661
13.631100
12.734818
11.525160
10.068851
8.495384
6.946846
5.514493
4.216136
3.020192
1.882031
0.766777
-0.344243
-1.456100
-2.565220
-3.663509
-4.740875
-5.786529
-6.789583
-7.739339
-8.625449
-9.438048
-10.167852
-10.806270
-11.345505
-11.778636
-12.099705
-12.303790
-12.387076
-12.346904
-12.181818
-11.891596
-11.477273
-10.941151
-10.286793
-9.519002
-8.643805
-7.668396
-6.601089
-5.451251
-4.229224
-2.946237
-1.614307
-0.246130
1.145033
2.545474
3.941169
5.317904
6.661398
7.957429
9.191936
10.351099
11.421370
12.389398
13.241800
13.964602
14.542106
14.954782
15.175673
15.165082
14.865150
14.201043
13.103751
11.568134
9.719330
7.800369
6.044689
4.555112
3.304197
2.209818
1.196132
0.214953
-0.756425
-1.724023
-2.684860
-3.631771
-4.555918
-5.447943
-6.298474
-7.098356
-7.838788
-8.511427
-9.108489
-9.622829
-10.048027
-10.378457
-10.609371
-10.736945
-10.758337
-10.671733
-10.476377
-10.172599
-9.761822
-9.246569
-8.630457
-7.918169
-7.115429
-6.228960
-5.266430
-4.236392
-3.148208
-2.011971
-0.838414
0.361185
1.575111
2.791317
3.997534
5.181393
6.330532
7.432711
8.475917
9.448454
10.339024
11.136762
11.831244
12.412410
12.870400
13.195300
13.376770
13.403720
13.264312
12.946854
12.442389
11.749374
10.879462
9.861060
8.736385
7.550941
6.340526
5.123642
3.903015
2.673115
1.428066
0.166314
-1.108316
-2.387700
-3.661054
-4.916261
-6.140691
-7.321653
-8.446643
-9.503509
-10.480596
-11.366876
-12.152066
-12.826739
-13.382442
-13.811789
-14.108551
-14.267747
-14.285698
-14.160094
-13.890034
-13.476058
-12.920165
-12.225814
-11.397905
-10.442763
-9.368089
-8.182901
-6.897474
-5.523247
-4.072730
-2.559394
-0.997554
0.597762
2.210947
3.825955
5.426446
6.995925
8.517870
9.975823
11.353441
12.634406
13.802061
14.838481
15.722234
16.423264
16.891615
17.034382
16.677288
15.536559
13.325283
10.156353
6.838472
4.246738
2.576305
1.546585
0.850536
0.301735
-0.188890
-0.657705
-1.116753
-1.567806
-2.008581
-2.435313
-2.843773
-3.229662
-3.588789
-3.917147
-4.210974
-4.466796
-4.681469
-4.852217
-4.976660
-5.052851
-5.079298
-5.054991
-4.979408
-4.852541
-4.674897
-4.447501
-4.171895
-3.850130
-3.484754
-3.078790
-2.635717
-2.159443
-1.654266
-1.124842
-0.576143
-0.013410
0.557894
1.132136
1.703570
2.266387
2.814778
3.342991
3.845387
4.316504
4.751113
5.144275
5.491394
5.788273
6.031166
6.216820
6.342519
6.406123
6.406096
6.341535
6.212181
6.018435
5.761353
5.442639
5.064637
4.630302
4.143185
3.607401
3.027599
2.408927
1.756995
1.077828
0.377814
-0.336349
-1.057714
-1.779155
-2.493434
-3.193272
-3.871421
-4.520742
-5.134274
-5.705312
-6.227474
-6.694773
-7.101683
-7.443203
-7.714912
-7.913026
-8.034443
-8.076788
-8.038445
-7.918585
-7.717187
-7.435053
-7.073806
-6.635895
-6.124574
-5.543888
-4.898642
-4.194363
-3.437258
-2.634163
-1.792477
-0.920106
-0.025384
0.883000
1.796082
2.704713
3.599642
4.471609
5.311433
6.110108
6.858888
7.549376
8.173615
8.724166
9.194193
9.577534
9.868793
10.063415
10.157779
10.149297
10.036519
9.819236
9.498558
9.076929
8.558072
7.946836
7.248956
6.470824
5.619304
4.701670
3.725654
2.699548
1.632294
0.533506
-0.586589
-1.717267
-2.847440
-3.965803
-5.060972
-6.121603
-7.136520
-8.094835
-8.986060
-9.800219
-10.527962
-11.160669
-11.690538
-12.110692
-12.415245
-12.599390
-12.659460
-12.592979
-12.398711
-12.076683
-11.628212
-11.055909
-10.363668
-9.556652
-8.641257
-7.625071
-6.516808
-5.326247
-4.064144
-2.742143
-1.372669
0.031177
1.455744
2.886949
4.310411
5.711578
7.075854
8.388720
9.635830
10.803076
11.876577
12.842548
13.686905
14.394408
14.946946
15.320292
15.478579
15.366426
14.902391
13.987387
12.553866
10.661908
8.557402
6.565119
4.888558
3.540220
2.425679
1.441009
0.514616
-0.390870
-1.289487
-2.182386
-3.064559
-3.928421
-4.765481
-5.567061
-6.324605
-7.029842
-7.674896
-8.252373
-8.755446
-9.177935
-9.514374
-9.760083
-9.911223
-9.964849
-9.918950
-9.772491
-9.525433
-9.178742
-8.734413
-8.195451
-7.565853
-6.850597
-6.055595
-5.187655
-4.254424
-3.264320
-2.226467
-1.150610
-0.047025
1.073568
2.200110
3.321307
4.425732
5.501936
6.538557
7.524420
8.448643
9.300722
10.070617
10.748804
11.326324
11.794791
12.146380
12.373818
12.470398
12.430127
12.248124
11.921398
11.450085
10.838878
10.098076
9.243337
8.293635
7.267848
6.181463
5.045054
3.865073
2.646136
1.393393
0.113939
-1.182898
-2.486004
-3.783133
-5.061456
-6.307950
-7.509637
-8.653777
-9.727998
-10.720446
-11.619903
-12.415920
-13.098931
-13.660357
-14.092715
-14.389710
-14.546309
-14.558822
-14.424946
-14.143825
-13.716066
-13.143768
-12.430512
-11.581353
-10.602790
-9.502730
-8.290421
-6.976380
-5.572314
-4.091014
-2.546249
-0.952638
0.674471
2.319150
3.965029
5.595441
7.193563
8.742543
10.225591
11.625997
12.927011
14.111371
15.160106
16.049652
16.745146
17.185347
17.251650
16.718578
15.234745
12.529142
8.966290
5.630766
3.296749
1.905746
1.076603
0.513523
0.060946
-0.349327
-0.743295
-1.128758
-1.506185
-1.873257
-2.226675
-2.562859
-2.878229
-3.169317
-3.432837
-3.665725
-3.865181
-4.028697
-4.154087
-4.239518
-4.283530
-4.285058
-4.243450
-4.158476
-4.030341
-3.859687
-3.647593
-3.395573
-3.105565
-2.779919
-2.421380
-2.033065
-1.618440
-1.181287
-0.725671
-0.255908
0.223479
0.707804
1.192256
1.671953
2.141985
2.597465
3.033579
3.445637
3.829119
4.179727
4.493432
4.766518
4.995624
5.177789
5.310483
5.391644
5.419705
5.393612
5.312851
5.177453
4.987998
4.745625
4.452009
4.109366
3.720428
3.288424
2.817056
2.310469
1.773222
1.210241
0.626789
0.028409
-0.579120
-1.189838
-1.797662
-2.396446
-2.980038
-3.542346
-4.077398
-4.579407
-5.042829
-5.462423
-5.833310
-6.151027
-6.411579
-6.611483
-6.747818
-6.818253
-6.821091
-6.755284
-6.620465
-6.416951
-6.145758
-5.808599
-5.407875
-4.946667
-4.428710
-3.858366
-3.240594
-2.580904
-1.885313
-1.160293
-0.412710
0.350238
1.121085
1.892172
2.655716
3.403891
4.128902
4.823064
5.478882
6.089127
6.646914
7.145776
7.579741
7.943398
8.231968
8.441371
8.568292
8.610230
8.565559
8.433566
8.214474
7.909442
7.520557
7.050777
6.503876
5.884379
5.197503
4.449116
3.645706
2.794369
1.902772
0.979122
0.032100
-0.929216
-1.895438
-2.856966
-3.804090
-4.727087
-5.616321
-6.462350
-7.256020
-7.988561
-8.651685
-9.237677
-9.739480
-10.150775
-10.466063
-10.680725
-10.791081
-10.794455
-10.689196
-10.474730
-10.151566
-9.721325
-9.186725
-8.551575
-7.820756
-7.000188
-6.096784
-5.118395
-4.073751
-2.972381
-1.824531
-0.641078
0.566575
1.786602
3.006862
4.215013
5.398626
6.545304
7.642787
8.679058
9.642433
10.521631
11.305806
11.984533
12.547715
12.985387
13.287407
13.443063
13.440722
13.267915
12.912509
12.365817
11.627974
10.714063
9.657041
8.502986
7.298673
6.078158
4.856606
3.633729
2.402406
1.156536
-0.104920
-1.377479
-2.652527
-3.919014
-5.164730
-6.377052
-7.543354
-8.651235
-9.688678
-10.644186
-11.506918
-12.266794
-12.914618
-13.442182
-13.842364
-14.109218
-14.238047
-14.225471
-14.069486
-13.769498
-13.326358
-12.742368
-12.021286
-11.168303
-10.190020
-9.094398
-7.890707
-6.589440
-5.202239
-3.741787
-2.221703
-0.656419
0.938948
2.548737
4.156879
5.747041
7.302766
8.807593
10.245148
11.599168
12.853371
13.991041
14.993924
15.839646
16.495884
16.907661
16.972195
16.499987
15.198892
12.822010
9.594408
6.383416
3.963265
2.419916
1.453911
0.780378
0.233700
-0.263507
-0.742106
-1.211730
-1.673115
-2.123515
-2.558928
-2.974976
-3.367255
-3.731484
-4.063587
-4.359742
-4.616430
-4.830477
-4.999089
-5.119888
-5.190938
-5.210777
-5.178438
-5.093461
-4.955911
-4.766382
-4.526001
-4.236426
-3.899832
-3.518903
-3.096809
-2.637183
-2.144091
-1.621999
-1.075733
-0.510433
0.068486
0.655393
1.244489
1.829864
2.405555
2.965607
3.504130
4.015361
4.493724
4.933891
5.330840
5.679910
5.976856
6.217901
6.399781
6.519792
6.575823
6.566391
6.490666
6.348484
6.140356
5.867465
5.531663
5.135449
4.681948
4.174889
3.618572
3.017838
2.378038
1.704982
1.004905
0.284406
-0.449608
-1.189983
-1.929389
-2.660392
-3.375526
-4.067369
-4.728619
-5.352169
-5.931183
-6.459169
-6.930048
-7.338226
-7.678653
-7.946883
-8.139131
-8.252318
-8.284116
-8.232982
-8.098178
-7.879805
-7.578801
-7.196954
-6.736893
-6.202072
-5.596754
-4.925971
-4.195497
-3.411792
-2.581953
-1.713647
-0.815052
0.105228
1.038234
1.974741
2.905340
3.820536
4.710833
5.566833
6.379323
7.139372
7.838417
8.468349
9.021600
9.491221
9.870966
10.155359
10.339802
10.420648
10.395333
10.262491
10.022084
9.675497
9.225573
8.676539
8.033803
7.303661
6.492981
5.608988
4.659202
3.651521
2.594383
1.496899
0.368891
-0.779167
-1.936277
-3.091077
-4.231989
-5.347371
-6.425640
-7.455405
-8.425585
-9.325525
-10.145117
-10.874907
-11.506195
-12.031150
-12.442883
-12.735549
-12.904404
-12.945883
-12.857650
-12.638633
-12.289069
-11.810511
-11.205828
-10.479211
-9.636136
-8.683342
-7.628768
-6.481504
-5.251710
-3.950534
-2.590017
-1.182983
0.257074
1.716112
3.179673
4.633008
6.061215
7.449364
8.782610
10.046288
11.225955
12.307326
13.276059
14.117152
14.813665
15.344134
15.677657
15.765498
15.529679
14.856677
13.622953
11.791033
9.544168
7.273346
5.327587
3.810949
2.633758
1.658685
0.781419
-0.056689
-0.881356
-1.699668
-2.509624
-3.305293
-4.079250
-4.823633
-5.530585
-6.192453
-6.801909
-7.352036
-7.836405
-8.249156
-8.585056
-8.839571
-9.008914
-9.090099
-9.080981
-8.980290
-8.787663
-8.503654
-8.129745
-7.668350
-7.122797
-6.497311
-5.796990
-5.027759
-4.196331
-3.310147
-2.377313
-1.406530
-0.407016
0.611579
1.639262
2.665791
3.680770
4.673753
5.634340
6.552279
7.417563
8.220531
8.951945
9.603087
10.165825
10.632689
10.996932
11.252608
11.394654
11.419035
11.322926
11.105006
10.765803
10.308026
9.736746
9.059245
8.284460
7.422094
6.481696
5.472101
4.401431
3.277560
2.108773
0.904240
-0.325812
-1.570207
-2.817073
-4.054110
-5.268818
-6.448688
-7.581345
-8.654696
-9.657054
-10.577271
-11.404853
-12.130074
-12.744098
-13.239069
-13.608212
-13.845913
-13.947799
-13.910797
-13.733186
-13.414632
-12.956219
-12.360452
-11.631259
-10.773970
-9.795288
-8.703238
-7.507109
-6.217384
-4.845647
-3.404486
-1.907383
-0.368596
1.196972
2.773906
4.346421
5.898500
7.414027
8.876911
10.271172
11.580958
12.790445
13.883418
14.842280
15.645718
16.263594
16.646166
16.703522
16.274977
15.116846
13.011710
10.095038
7.049332
4.600153
2.937808
1.848551
1.070637
0.434335
-0.145320
-0.703950
-1.253217
-1.794296
-2.324120
-2.838053
-3.330970
-3.797684
-4.233134
-4.632479
-4.991162
-5.304965
-5.570056
-5.783036
-5.940980
-6.041471
-6.082633
-6.063160
-5.982338
-5.840057
-5.636827
-5.373775
-5.052652
-4.675817
-4.246228
-3.767419
-3.243473
-2.678989
-2.079045
-1.449153
-0.795212
-0.123453
0.559618
1.247281
1.932667
2.608823
3.268783
3.905633
4.512589
5.083058
5.610715
6.089572
6.514037
6.878986
7.179823
7.412540
7.573766
7.660824
7.671770
7.605430
7.461419
7.240162
6.942885
6.571597
6.129068
5.618795
5.044959
4.412393
3.726549
2.993462
2.219714
1.412396
0.579045
-0.272412
-1.133733
-1.996441
-2.851908
-3.691440
-4.506368
-5.288134
-6.028381
-6.719044
-7.352431
-7.921310
-8.418987
-8.839385
-9.177110
-9.427515
-9.586770
-9.651898
-9.620825
-9.492414
-9.266498
-8.943875
-8.526341
-8.016671
-7.418607
-6.736843
-5.976983
-5.145506
-4.249709
-3.297650
-2.298078
-1.260354
-0.194368
0.889550
1.980727
3.068248
4.141057
5.188063
6.198249
7.160766
8.065045
8.900884
9.658529
10.328754
10.902923
11.373019
11.731686
11.972256
12.088816
12.076351
11.931058
11.650862
11.236187
10.690801
10.022395
9.242419
8.364865
7.404227
6.373417
5.282617
4.139508
2.950574
1.722612
0.463775
-0.816131
-2.105889
-3.393322
-4.665722
-5.910178
-7.113796
-8.263874
-9.348042
-10.354408
-11.271678
-12.089280
-12.797486
-13.387521
-13.851665
-14.183352
-14.377243
-14.429312
-14.336892
-14.098739
-13.715052
-13.187496
-12.519216
-11.714819
-10.780352
-9.723264
-8.552351
-7.277693
-5.910567
-4.463355
-2.949436
-1.383070
0.220729
1.846333
3.477636
5.098200
6.691396
8.240536
9.728979
11.140183
12.457642
13.664582
14.743124
15.672241
16.423033
16.948072
17.158918
16.886127
15.840725
13.696052
10.493070
7.035823
4.300782
2.552732
1.503641
0.819541
0.296499
-0.162728
-0.597971
-1.022807
-1.439804
-1.847199
-2.241636
-2.619250
-2.976087
-3.308274
-3.612109
-3.884115
-4.121077
-4.320086
-4.478570
-4.594325
-4.665546
-4.690849
-4.669286
-4.600373
-4.484091
-4.320901
-4.111740
-3.858023
-3.561636
-3.224922
-2.850669
-2.442080
-2.002758
-1.536664
-1.048095
-0.541637
-0.022124
0.505401
1.035741
1.563588
2.083580
2.590355
3.078598
3.543104
3.978827
4.380935
4.744864
5.066367
5.341565
5.566992
5.739637
5.856981
5.917037
5.918371
5.860128
5.742050
5.564477
5.328358
5.035241
4.687265
4.287140
3.838130
3.344024
2.809112
2.238147
1.636312
1.009173
0.362635
-0.297113
-0.963653
-1.630399
-2.290662
-2.937713
-3.564856
-4.165488
-4.733174
-5.261711
-5.745195
-6.178087
-6.555272
-6.872118
-7.124527
-7.308995
-7.422639
-7.463252
-7.429326
-7.320080
-7.135483
-6.876257
-6.543890
-6.140628
-5.669465
-5.134123
-4.539030
-3.889281
-3.190598
-2.449286
-1.672176
-0.866560
-0.040135
0.799078
1.642802
2.482587
3.309890
4.116156
4.892909
5.631832
6.324853
6.964228
7.542623
8.053199
8.489678
8.846433
9.118553
9.301922
9.393294
9.390365
9.291843
9.097499
8.808202
8.425919
7.953655
7.395369
6.755848
6.040598
5.255750
4.408024
3.504734
2.553798
1.563745
0.543683
-0.496772
-1.547593
-2.598446
-3.638814
-4.658106
-5.645772
-6.591413
-7.484892
-8.316442
-9.076763
-9.757138
-10.349520
-10.846619
-11.242000
-11.530151
-11.706556
-11.767756
-11.711398
-11.536282
-11.242373
-10.830847
-10.304070
-9.665611
-8.920218
-8.073783
-7.133310
-6.106854
-5.003462
-3.833092
-2.606530
-1.335298
-0.031544
1.292062
2.622450
3.946266
5.249996
6.520092
7.743083
8.905684
9.994886
10.998006
11.902671
12.696701
13.367812
13.903005
14.287494
14.503001
14.525483
14.323071
13.856827
13.089387
12.006613
10.647533
9.117782
7.558444
6.083287
4.737473
3.505577
2.346013
1.219762
0.102482
-1.015319
-2.132713
-3.242893
-4.336261
-5.402135
-6.429554
-7.407654
-8.325869
-9.174067
-9.942662
-10.622723
-11.206073
-11.685387
-12.054274
-12.307355
-12.440339
-12.450079
-12.334617
-12.093228
-11.726447
-11.236073
-10.625184
-9.898112
-9.060427
-8.118899
-7.081447
-5.957074
-4.755801
-3.488573
-2.167169
-0.804101
0.587507
1.994034
3.401485
4.795625
6.162101
7.486568
8.754805
9.952796
11.066792
12.083274
12.988785
13.769485
14.410236
14.892792
15.192592
15.273660
15.082220
14.543789
13.577040
12.143546
10.325600
8.352345
6.493431
4.905100
3.589784
2.467094
1.450332
0.479826
-0.475159
-1.425268
-2.369878
-3.302948
-4.216175
-5.100480
-5.946654
-6.745648
-7.488724
-8.167570
-8.774391
-9.301997
-9.743888
-10.094325
-10.348407
-10.502125
-10.552418
-10.497223
-10.335505
-10.067291
-9.693673
-9.216827
-8.640000
-7.967491
-7.204633
-6.357749
-5.434101
-4.441842
-3.389934
-2.288082
-1.146643
0.023467
1.210871
2.403838
3.590390
4.758420
5.895795
6.990479
8.030629
9.004703
9.901536
10.710407
11.421067
12.023719
12.508937
12.867515
13.090249
13.167739
13.090374
12.848881
12.435899
11.848956
11.094439
10.190783
9.168077
8.062343
6.906364
5.722064
4.518644
3.296420
2.052930
0.787764
-0.495358
-1.788756
-3.081979
-4.363020
-5.619181
-6.837576
-8.005423
-9.110225
-10.139929
-11.083042
-11.928776
-12.667153
-13.289125
-13.786679
-14.152932
-14.382218
-14.470165
-14.413754
-14.211378
-13.862871
-13.369541
-12.734168
-11.961012
-11.055777
-10.025587
-8.878935
-7.625613
-6.276639
-4.844164
-3.341365
-1.782334
-0.181951
1.444252
3.080230
4.709569
6.315626
7.881670
9.390992
10.826972
12.173054
13.412509
14.527758
15.498663
16.298565
16.885212
17.181164
17.036741
16.184593
14.277331
11.225918
7.695047
4.740188
2.799873
1.643855
0.915258
0.379893
-0.077613
-0.505764
-0.921911
-1.330200
-1.729535
-2.116865
-2.488483
-2.840537
-3.169230
-3.470917
-3.742162
-3.979779
-4.180876
-4.342879
-4.463573
-4.541121
-4.574098
-4.561502
-4.502773
-4.397811
-4.246980
-4.051107
-3.811488
-3.529880
-3.208488
-2.849950
-2.457320
-2.034042
-1.583920
-1.111084
-0.619960
-0.115222
0.398246
0.915399
1.431076
1.940054
2.437099
2.917015
3.374702
3.805206
4.203773
4.565903
4.887392
5.164388
5.393435
5.571511
5.696071
5.765076
5.777026
5.730980
5.626575
5.464034
5.244169
4.968380
4.638646
4.257503
3.828039
3.353857
2.839053
2.288187
1.706241
1.098582
0.470913
-0.170772
-0.820249
-1.471118
-2.116867
-2.750933
-3.366774
-3.957925
-4.518076
-5.041128
-5.521264
-5.953010
-6.331296
-6.651513
-6.909566
-7.101923
-7.225660
-7.278501
-7.258845
-7.165801
-6.999202
-6.759617
-6.448361
-6.067490
-5.619790
-5.108765
-4.538610
-3.914177
-3.240940
-2.524950
-1.772778
-0.991461
-0.188439
0.628515
1.451370
2.271906
3.081802
3.872710
4.636344
5.364557
6.049429
6.683347
7.259083
7.769880
8.209521
8.572410
8.853643
9.049075
9.155401
9.170216
9.092078
8.920565
8.656297
8.300940
7.857165
7.328577
6.719615
6.035456
5.281939
4.465516
3.593246
2.672796
1.712428
0.720974
-0.292235
-1.317455
-2.344635
-3.363522
-4.363776
-5.335075
-6.267227
-7.150274
-7.974598
-8.731027
-9.410929
-10.006312
-10.509913
-10.915283
-11.216861
-11.410048
-11.491266
-11.458014
-11.308899
-11.043677
-10.663268
-10.169765
-9.566433
-8.857694
-8.049096
-7.147277
-6.159917
-5.095674
-3.964113
-2.775623
-1.541329
-0.272990
1.017107
2.316263
3.611477
4.889575
6.137324
7.341553
8.489262
9.567714
10.564505
11.467589
12.265232
12.945824
13.497507
13.907507
14.161054
14.239955
14.121209
13.777060
13.179241
12.310772
11.184933
9.860726
8.435971
7.012222
5.655103
4.380399
3.169014
1.991135
0.822961
-0.347541
-1.521858
-2.694505
-3.856244
-4.996159
-6.102759
-7.164502
-8.170058
-9.108478
-9.969312
-10.742732
-11.419641
-11.991773
-12.451793
-12.793380
-13.011312
-13.101534
-13.061209
-12.888776
-12.583980
-12.147892
-11.582926
-10.892827
-10.082658
-9.158767
-8.128744
-7.001363
-5.786515
-4.495122
-3.139046
-1.730984
-0.284355
1.186822
2.668054
4.144507
5.601140
7.022835
8.394520
9.701262
10.928336
12.061192
13.085277
13.985531
14.745270
15.343832
15.751961
15.923426
