0.504668
0.488296
0.472277
0.456473
0.440931
0.425772
0.41114
0.397185
0.384057
0.371901
0.360851
0.351038
0.342577
0.335574
0.330122
0.326298
0.324166
0.323773
0.325148
0.328305
0.333238
0.339925
0.348324
0.358377
0.370008
0.383122
0.397611
0.413348
0.430194
0.447997
0.466591
0.4858
0.50544
0.525319
0.545241
0.565005
0.584409
0.603252
0.621334
0.638462
0.654447
0.66911
0.682282
0.693807
0.703542
0.711363
0.717161
0.720846
0.722351
0.721629
0.718658
0.713437
0.705992
0.696368
0.684637
0.67089
0.655238
0.637812
0.618761
0.598249
0.576459
0.553587
0.529843
0.505451
0.480644
0.455665
0.430759
0.40618
0.382177
0.359001
0.336897
0.316104
0.29685
0.279351
0.263812
0.250416
0.239332
0.230705
0.22466
0.221296
0.220688
0.222883
0.2279
0.235734
0.246345
0.259671
0.275617
0.294063
0.314859
0.337833
0.362786
0.389495
0.417719
0.447196
0.477646
0.508779
0.540289
0.571865
0.603187
0.633935
0.663789
0.692431
0.719549
0.744841
0.768015
0.788794
0.806912
0.82212
0.83418
0.842867
0.847965
0.849267
0.846579
0.839738
0.828645
0.813324
0.793975
0.771019
0.745062
0.716794
0.686838
0.655634
0.623418
0.590288
0.556301
0.521561
0.486249
0.45062
0.414983
0.379678
0.345059
0.311481
0.279297
0.248851
0.220475
0.194487
0.171183
0.150838
0.133703
0.119996
0.109909
0.103597
0.101181
0.102744
0.10833
0.117943
0.131548
0.149067
0.170384
0.19534
0.223741
0.25535
0.289899
0.327083
0.366569
0.407991
0.450963
0.495074
0.539895
0.584985
0.629891
0.674155
0.717314
0.758909
0.798481
0.835572
0.86972
0.900435
0.92715
0.9491
0.965045
0.972669
0.967438
0.941278
0.884163
0.795251
0.696514
0.617677
0.567906
0.538938
0.520798
0.507413
0.495911
0.48512
0.47463
0.464351
0.454316
0.444604
0.43531
0.426529
0.418357
0.410886
0.404201
0.39838
0.393496
0.389611
0.386779
0.385046
0.384444
0.384998
0.386718
0.389604
0.393647
0.398821
0.405091
0.412413
0.420726
0.429962
0.440043
0.45088
0.462373
0.474419
0.486903
0.499706
0.512704
0.525769
0.53877
0.551575
0.564052
0.576071
0.587502
0.598222
0.608113
0.617061
0.624963
0.631722
0.637255
0.641487
0.644357
0.645814
0.645825
0.644369
0.641438
0.637042
0.631203
0.62396
0.615365
0.605485
0.594401
0.582206
0.569007
0.55492
0.540074
0.524606
0.508663
0.492396
0.475965
0.459531
0.44326
0.427318
0.41187
0.397078
0.383101
0.370092
0.358195
0.347548
0.338277
0.330495
0.324302
0.319786
0.317017
0.316048
0.316918
0.319644
0.324227
0.330649
0.338873
0.348843
0.360486
0.373708
0.388401
0.404439
0.42168
0.439969
0.459137
0.479005
0.499382
0.52007
0.540866
0.561561
0.581945
0.601807
0.620938
0.639134
0.656197
0.671935
0.68617
0.698733
0.709472
0.718249
0.724945
0.729461
0.731718
0.731662
0.729261
0.724507
0.717421
0.708046
0.696448
0.68272
0.666971
0.649334
0.629959
0.609011
0.586675
0.56315
0.53865
0.513405
0.487653
0.461644
0.435635
0.409886
0.384659
0.360216
0.336814
0.314703
0.294126
0.275313
0.258478
0.243822
0.231525
0.221746
0.214621
0.210262
0.208755
0.210157
0.214499
0.22178
0.231973
0.245017
0.260826
0.279281
0.300236
0.323517
0.348927
0.376239
0.405209
0.435568
0.467033
0.499301
0.53206
0.564986
0.597748
0.630013
0.661446
0.691714
0.72049
0.747455
0.7723
0.794727
0.814452
0.831203
0.844715
0.854728
0.860978
0.863191
0.861078
0.854352
0.842773
0.826245
0.804939
0.779406
0.750569
0.719534
0.6873
0.654508
0.621397
0.587926
0.553979
0.519504
0.484579
0.449401
0.41425
0.379452
0.345349
0.312293
0.28063
0.250701
0.22283
0.197331
0.174495
0.154593
0.137867
0.124536
0.114784
0.108763
0.10659
0.108345
0.11407
0.123766
0.137397
0.154883
0.176108
0.200914
0.229105
0.260448
0.294676
0.331485
0.370546
0.411498
0.453956
0.497515
0.541752
0.586231
0.630503
0.674117
0.716618
0.757552
0.796467
0.832913
0.866438
0.896563
0.922742
0.944254
0.959957
0.967778
0.963739
0.940794
0.889835
0.808414
0.713641
0.633349
0.579829
0.547487
0.526876
0.511629
0.498557
0.486306
0.474387
0.462684
0.451229
0.440109
0.429432
0.419307
0.409845
0.401148
0.393317
0.386443
0.38061
0.375891
0.372352
0.370045
0.369013
0.369284
0.370876
0.373792
0.378023
0.383546
0.390325
0.39831
0.40744
0.417639
0.428821
0.440888
0.453731
0.467233
0.481268
0.495703
0.510397
0.525206
0.539983
0.554579
0.568843
0.582626
0.595783
0.60817
0.619651
0.630097
0.639387
0.647409
0.654064
0.659264
0.662935
0.665019
0.66547
0.664261
0.661381
0.656835
0.650645
0.642851
0.633509
0.622689
0.61048
0.596983
0.582316
0.566608
0.55
0.532645
0.514706
0.496354
0.477767
0.459128
0.440623
0.422439
0.404765
0.387785
0.371681
0.356628
0.342792
0.330332
0.319392
0.310107
0.302595
0.296957
0.293279
0.291628
0.292049
0.294571
0.299199
0.305919
0.314694
0.325467
0.33816
0.352674
0.368889
0.386668
0.405856
0.426281
0.447754
0.470076
0.493035
0.516407
0.539964
0.563471
0.586689
0.60938
0.631305
0.652231
0.671931
0.690185
0.706786
0.721537
0.734261
0.744794
0.752993
0.758737
0.761928
0.762494
0.760393
0.755609
0.748161
0.738096
0.725495
0.710464
0.693135
0.673658
0.652203
0.628952
0.604105
0.577878
0.550502
0.522227
0.493317
0.464048
0.434707
0.405587
0.376981
0.349186
0.322492
0.297184
0.273538
0.251817
0.232267
0.215119
0.200581
0.188838
0.180052
0.174354
0.171849
0.17261
0.176679
0.184064
0.194742
0.208653
0.225708
0.245782
0.268717
0.294327
0.322392
0.352669
0.384885
0.418744
0.45393
0.490109
0.526929
0.564029
0.601037
0.637579
0.673274
0.707748
0.740626
0.771544
0.800144
0.826076
0.848996
0.868552
0.884371
0.896019
0.902947
0.904403
0.899345
0.886425
0.864255
0.832174
0.791415
0.745676
0.6999
0.657845
0.62069
0.587578
0.556948
0.527471
0.498361
0.469309
0.440318
0.41156
0.383282
0.355762
0.329283
0.304125
0.280562
0.258853
0.239246
0.221969
0.207231
0.195219
0.186095
0.179993
0.177022
0.177257
0.180746
0.187501
0.197504
0.210704
0.227015
0.246321
0.268471
0.293287
0.320557
0.350045
0.381486
0.414593
0.449058
0.484553
0.520736
0.557251
0.593736
0.629819
0.665128
0.699293
0.731945
0.762725
0.791279
0.817264
0.840342
0.860178
0.87642
0.888679
0.896485
0.899224
0.896067
0.885948
0.867701
0.840555
0.804988
0.763422
0.7198
0.677882
0.63964
0.605056
0.573024
0.542315
0.512072
0.481887
0.451696
0.421637
0.391949
0.362913
0.334824
0.307978
0.282661
0.259152
0.237715
0.218595
0.202021
0.188197
0.177305
0.169497
0.164899
0.163605
0.165679
0.17115
0.180014
0.192234
0.207736
0.226415
0.24813
0.272707
0.299944
0.329604
0.361427
0.395124
0.430383
0.466873
0.504244
0.542133
0.580163
0.617953
0.655115
0.691262
0.726009
0.758976
0.78979
0.818086
0.843503
0.865678
0.884228
0.898714
0.908583
0.913062
0.911025
0.900873
0.880667
0.848881
0.806009
0.755984
0.705243
0.659289
0.620127
0.586729
0.556974
0.529022
0.501754
0.474675
0.447688
0.42091
0.394556
0.368877
0.344136
0.320593
0.298503
0.278109
0.259643
0.243319
0.229334
0.217863
0.209061
0.203055
0.199948
0.199815
0.202703
0.208628
0.217575
0.229501
0.24433
0.261956
0.282245
0.305032
0.330125
0.357306
0.386333
0.416941
0.448845
0.481743
0.515318
0.549242
0.583176
0.616778
0.649703
0.681604
0.712141
0.74098
0.767794
0.79227
0.814102
0.832999
0.848673
0.860836
0.869189
0.873403
0.873106
0.867882
0.857307
0.84106
0.819124
0.792018
0.760899
0.727357
0.692937
0.658665
0.624884
0.591437
0.557992
0.524291
0.490262
0.456006
0.421753
0.3878
0.354474
0.322116
0.291063
0.261648
0.234189
0.208994
0.186349
0.16652
0.149751
0.136255
0.126217
0.119792
0.117097
0.118217
0.123198
0.132047
0.144734
0.161189
0.181304
0.20493
0.231883
0.261942
0.29485
0.33032
0.368031
0.407639
0.448772
0.491039
0.534029
0.57732
0.620477
0.663062
0.704631
0.744743
0.782959
0.818844
0.851962
0.881866
0.908067
0.929967
0.946705
0.956843
0.957751
0.944728
0.910748
0.850016
0.767673
0.684049
0.61862
0.575051
0.546696
0.526375
0.509637
0.494315
0.479519
0.46497
0.450648
0.43664
0.423071
0.410076
0.397793
0.386356
0.375893
0.366522
0.358354
0.351491
0.34602
0.342017
0.339545
0.338652
0.33937
0.341717
0.345693
0.351282
0.358453
0.367158
0.377331
0.388893
0.401747
0.415784
0.43088
0.446899
0.463693
0.481105
0.498968
0.51711
0.535351
0.553508
0.571398
0.588836
0.605638
0.621625
0.636623
0.650466
0.662996
0.674066
0.683542
0.691305
0.697249
0.701289
0.703355
0.703398
0.70139
0.697322
0.691209
0.683084
0.673004
0.661043
0.647296
0.631876
0.614913
0.596554
0.576961
0.556311
0.534793
0.51261
0.489972
0.4671
0.444219
0.421559
0.39935
0.377822
0.357201
0.337709
0.319559
0.302952
0.28808
0.275119
0.264226
0.255544
0.249192
0.24527
0.243853
0.244994
0.248721
0.255033
0.263907
0.275291
0.28911
0.30526
0.323614
0.34402
0.366304
0.390269
0.4157
0.442361
0.470004
0.498363
0.527163
0.556121
0.584946
0.613344
0.641022
0.667687
0.693053
0.716841
0.738782
0.758619
0.776112
0.791036
0.803183
0.812367
0.818423
0.821207
0.820607
0.816543
0.808986
0.797966
0.783588
0.766039
0.745582
0.722523
0.697181
0.669849
0.640775
0.610173
0.578246
0.54521
0.511316
0.476846
0.442114
0.407454
0.37321
0.339729
0.30736
0.276444
0.247314
0.22029
0.195675
0.173754
0.154786
0.139009
0.126628
0.117819
0.112726
0.111454
0.114076
0.120622
0.131086
0.145423
0.163545
0.185328
