0.504668 0.488296 0.472277 0.456473 0.440931
0.472277 0.456473 0.440931 0.425772 0.41114
0.440931 0.425772 0.41114 0.397185 0.384057
0.41114 0.397185 0.384057 0.371901 0.360851
0.384057 0.371901 0.360851 0.351038 0.342577
0.360851 0.351038 0.342577 0.335574 0.330122
0.342577 0.335574 0.330122 0.326298 0.324166
0.330122 0.326298 0.324166 0.323773 0.325148
0.324166 0.323773 0.325148 0.328305 0.333238
0.325148 0.328305 0.333238 0.339925 0.348324
0.333238 0.339925 0.348324 0.358377 0.370008
0.348324 0.358377 0.370008 0.383122 0.397611
0.370008 0.383122 0.397611 0.413348 0.430194
0.397611 0.413348 0.430194 0.447997 0.466591
0.430194 0.447997 0.466591 0.4858 0.50544
0.466591 0.4858 0.50544 0.525319 0.545241
0.50544 0.525319 0.545241 0.565005 0.584409
0.545241 0.565005 0.584409 0.603252 0.621334
0.584409 0.603252 0.621334 0.638462 0.654447
0.621334 0.638462 0.654447 0.66911 0.682282
0.654447 0.66911 0.682282 0.693807 0.703542
0.682282 0.693807 0.703542 0.711363 0.717161
0.703542 0.711363 0.717161 0.720846 0.722351
0.717161 0.720846 0.722351 0.721629 0.718658
0.722351 0.721629 0.718658 0.713437 0.705992
0.718658 0.713437 0.705992 0.696368 0.684637
0.705992 0.696368 0.684637 0.67089 0.655238
0.684637 0.67089 0.655238 0.637812 0.618761
0.655238 0.637812 0.618761 0.598249 0.576459
0.618761 0.598249 0.576459 0.553587 0.529843
0.576459 0.553587 0.529843 0.505451 0.480644
0.529843 0.505451 0.480644 0.455665 0.430759
0.480644 0.455665 0.430759 0.40618 0.382177
0.430759 0.40618 0.382177 0.359001 0.336897
0.382177 0.359001 0.336897 0.316104 0.29685
0.336897 0.316104 0.29685 0.279351 0.263812
0.29685 0.279351 0.263812 0.250416 0.239332
0.263812 0.250416 0.239332 0.230705 0.22466
0.239332 0.230705 0.22466 0.221296 0.220688
0.22466 0.221296 0.220688 0.222883 0.2279
0.220688 0.222883 0.2279 0.235734 0.246345
0.2279 0.235734 0.246345 0.259671 0.275617
0.246345 0.259671 0.275617 0.294063 0.314859
0.275617 0.294063 0.314859 0.337833 0.362786
0.314859 0.337833 0.362786 0.389495 0.417719
0.362786 0.389495 0.417719 0.447196 0.477646
0.417719 0.447196 0.477646 0.508779 0.540289
0.477646 0.508779 0.540289 0.571865 0.603187
0.540289 0.571865 0.603187 0.633935 0.663789
0.603187 0.633935 0.663789 0.692431 0.719549
0.663789 0.692431 0.719549 0.744841 0.768015
0.719549 0.744841 0.768015 0.788794 0.806912
0.768015 0.788794 0.806912 0.82212 0.83418
0.806912 0.82212 0.83418 0.842867 0.847965
0.83418 0.842867 0.847965 0.849267 0.846579
0.847965 0.849267 0.846579 0.839738 0.828645
0.846579 0.839738 0.828645 0.813324 0.793975
0.828645 0.813324 0.793975 0.771019 0.745062
0.793975 0.771019 0.745062 0.716794 0.686838
0.745062 0.716794 0.686838 0.655634 0.623418
0.686838 0.655634 0.623418 0.590288 0.556301
0.623418 0.590288 0.556301 0.521561 0.486249
0.556301 0.521561 0.486249 0.45062 0.414983
0.486249 0.45062 0.414983 0.379678 0.345059
0.414983 0.379678 0.345059 0.311481 0.279297
0.345059 0.311481 0.279297 0.248851 0.220475
0.279297 0.248851 0.220475 0.194487 0.171183
0.220475 0.194487 0.171183 0.150838 0.133703
0.171183 0.150838 0.133703 0.119996 0.109909
0.133703 0.119996 0.109909 0.103597 0.101181
0.109909 0.103597 0.101181 0.102744 0.10833
0.101181 0.102744 0.10833 0.117943 0.131548
0.10833 0.117943 0.131548 0.149067 0.170384
0.131548 0.149067 0.170384 0.19534 0.223741
0.170384 0.19534 0.223741 0.25535 0.289899
0.223741 0.25535 0.289899 0.327083 0.366569
0.289899 0.327083 0.366569 0.407991 0.450963
0.366569 0.407991 0.450963 0.495074 0.539895
0.450963 0.495074 0.539895 0.584985 0.629891
0.539895 0.584985 0.629891 0.674155 0.717314
0.629891 0.674155 0.717314 0.758909 0.798481
0.717314 0.758909 0.798481 0.835572 0.86972
0.798481 0.835572 0.86972 0.900435 0.92715
0.86972 0.900435 0.92715 0.9491 0.965045
0.92715 0.9491 0.965045 0.972669 0.967438
0.965045 0.972669 0.967438 0.941278 0.884163
0.967438 0.941278 0.884163 0.795251 0.696514
0.884163 0.795251 0.696514 0.617677 0.567906
0.696514 0.617677 0.567906 0.538938 0.520798
0.567906 0.538938 0.520798 0.507413 0.495911
0.520798 0.507413 0.495911 0.48512 0.47463
0.495911 0.48512 0.47463 0.464351 0.454316
0.47463 0.464351 0.454316 0.444604 0.43531
0.454316 0.444604 0.43531 0.426529 0.418357
0.43531 0.426529 0.418357 0.410886 0.404201
0.418357 0.410886 0.404201 0.39838 0.393496
0.404201 0.39838 0.393496 0.389611 0.386779
0.393496 0.389611 0.386779 0.385046 0.384444
0.386779 0.385046 0.384444 0.384998 0.386718
0.384444 0.384998 0.386718 0.389604 0.393647
0.386718 0.389604 0.393647 0.398821 0.405091
0.393647 0.398821 0.405091 0.412413 0.420726
0.405091 0.412413 0.420726 0.429962 0.440043
0.420726 0.429962 0.440043 0.45088 0.462373
0.440043 0.45088 0.462373 0.474419 0.486903
0.462373 0.474419 0.486903 0.499706 0.512704
0.486903 0.499706 0.512704 0.525769 0.53877
0.512704 0.525769 0.53877 0.551575 0.564052
0.53877 0.551575 0.564052 0.576071 0.587502
0.564052 0.576071 0.587502 0.598222 0.608113
0.587502 0.598222 0.608113 0.617061 0.624963
0.608113 0.617061 0.624963 0.631722 0.637255
0.624963 0.631722 0.637255 0.641487 0.644357
0.637255 0.641487 0.644357 0.645814 0.645825
0.644357 0.645814 0.645825 0.644369 0.641438
0.645825 0.644369 0.641438 0.637042 0.631203
0.641438 0.637042 0.631203 0.62396 0.615365
0.631203 0.62396 0.615365 0.605485 0.594401
0.615365 0.605485 0.594401 0.582206 0.569007
0.594401 0.582206 0.569007 0.55492 0.540074
0.569007 0.55492 0.540074 0.524606 0.508663
0.540074 0.524606 0.508663 0.492396 0.475965
0.508663 0.492396 0.475965 0.459531 0.44326
0.475965 0.459531 0.44326 0.427318 0.41187
0.44326 0.427318 0.41187 0.397078 0.383101
0.41187 0.397078 0.383101 0.370092 0.358195
0.383101 0.370092 0.358195 0.347548 0.338277
0.358195 0.347548 0.338277 0.330495 0.324302
0.338277 0.330495 0.324302 0.319786 0.317017
0.324302 0.319786 0.317017 0.316048 0.316918
0.317017 0.316048 0.316918 0.319644 0.324227
0.316918 0.319644 0.324227 0.330649 0.338873
0.324227 0.330649 0.338873 0.348843 0.360486
0.338873 0.348843 0.360486 0.373708 0.388401
0.360486 0.373708 0.388401 0.404439 0.42168
0.388401 0.404439 0.42168 0.439969 0.459137
0.42168 0.439969 0.459137 0.479005 0.499382
0.459137 0.479005 0.499382 0.52007 0.540866
0.499382 0.52007 0.540866 0.561561 0.581945
0.540866 0.561561 0.581945 0.601807 0.620938
0.581945 0.601807 0.620938 0.639134 0.656197
0.620938 0.639134 0.656197 0.671935 0.68617
0.656197 0.671935 0.68617 0.698733 0.709472
0.68617 0.698733 0.709472 0.718249 0.724945
0.709472 0.718249 0.724945 0.729461 0.731718
0.724945 0.729461 0.731718 0.731662 0.729261
0.731718 0.731662 0.729261 0.724507 0.717421
0.729261 0.724507 0.717421 0.708046 0.696448
0.717421 0.708046 0.696448 0.68272 0.666971
0.696448 0.68272 0.666971 0.649334 0.629959
0.666971 0.649334 0.629959 0.609011 0.586675
0.629959 0.609011 0.586675 0.56315 0.53865
0.586675 0.56315 0.53865 0.513405 0.487653
0.53865 0.513405 0.487653 0.461644 0.435635
0.487653 0.461644 0.435635 0.409886 0.384659
0.435635 0.409886 0.384659 0.360216 0.336814
0.384659 0.360216 0.336814 0.314703 0.294126
0.336814 0.314703 0.294126 0.275313 0.258478
0.294126 0.275313 0.258478 0.243822 0.231525
0.258478 0.243822 0.231525 0.221746 0.214621
0.231525 0.221746 0.214621 0.210262 0.208755
0.214621 0.210262 0.208755 0.210157 0.214499
0.208755 0.210157 0.214499 0.22178 0.231973
0.214499 0.22178 0.231973 0.245017 0.260826
0.231973 0.245017 0.260826 0.279281 0.300236
0.260826 0.279281 0.300236 0.323517 0.348927
0.300236 0.323517 0.348927 0.376239 0.405209
0.348927 0.376239 0.405209 0.435568 0.467033
0.405209 0.435568 0.467033 0.499301 0.53206
0.467033 0.499301 0.53206 0.564986 0.597748
0.53206 0.564986 0.597748 0.630013 0.661446
0.597748 0.630013 0.661446 0.691714 0.72049
0.661446 0.691714 0.72049 0.747455 0.7723
0.72049 0.747455 0.7723 0.794727 0.814452
0.7723 0.794727 0.814452 0.831203 0.844715
0.814452 0.831203 0.844715 0.854728 0.860978
0.844715 0.854728 0.860978 0.863191 0.861078
0.860978 0.863191 0.861078 0.854352 0.842773
0.861078 0.854352 0.842773 0.826245 0.804939
0.842773 0.826245 0.804939 0.779406 0.750569
0.804939 0.779406 0.750569 0.719534 0.6873
0.750569 0.719534 0.6873 0.654508 0.621397
0.6873 0.654508 0.621397 0.587926 0.553979
0.621397 0.587926 0.553979 0.519504 0.484579
0.553979 0.519504 0.484579 0.449401 0.41425
0.484579 0.449401 0.41425 0.379452 0.345349
0.41425 0.379452 0.345349 0.312293 0.28063
0.345349 0.312293 0.28063 0.250701 0.22283
0.28063 0.250701 0.22283 0.197331 0.174495
0.22283 0.197331 0.174495 0.154593 0.137867
0.174495 0.154593 0.137867 0.124536 0.114784
0.137867 0.124536 0.114784 0.108763 0.10659
0.114784 0.108763 0.10659 0.108345 0.11407
0.10659 0.108345 0.11407 0.123766 0.137397
0.11407 0.123766 0.137397 0.154883 0.176108
0.137397 0.154883 0.176108 0.200914 0.229105
0.176108 0.200914 0.229105 0.260448 0.294676
0.229105 0.260448 0.294676 0.331485 0.370546
0.294676 0.331485 0.370546 0.411498 0.453956
0.370546 0.411498 0.453956 0.497515 0.541752
0.453956 0.497515 0.541752 0.586231 0.630503
0.541752 0.586231 0.630503 0.674117 0.716618
0.630503 0.674117 0.716618 0.757552 0.796467
0.716618 0.757552 0.796467 0.832913 0.866438
0.796467 0.832913 0.866438 0.896563 0.922742
0.866438 0.896563 0.922742 0.944254 0.959957
0.922742 0.944254 0.959957 0.967778 0.963739
0.959957 0.967778 0.963739 0.940794 0.889835
0.963739 0.940794 0.889835 0.808414 0.713641
0.889835 0.808414 0.713641 0.633349 0.579829
0.713641 0.633349 0.579829 0.547487 0.526876
0.579829 0.547487 0.526876 0.511629 0.498557
0.526876 0.511629 0.498557 0.486306 0.474387
0.498557 0.486306 0.474387 0.462684 0.451229
0.474387 0.462684 0.451229 0.440109 0.429432
0.451229 0.440109 0.429432 0.419307 0.409845
0.429432 0.419307 0.409845 0.401148 0.393317
0.409845 0.401148 0.393317 0.386443 0.38061
0.393317 0.386443 0.38061 0.375891 0.372352
0.38061 0.375891 0.372352 0.370045 0.369013
0.372352 0.370045 0.369013 0.369284 0.370876
0.369013 0.369284 0.370876 0.373792 0.378023
0.370876 0.373792 0.378023 0.383546 0.390325
0.378023 0.383546 0.390325 0.39831 0.40744
0.390325 0.39831 0.40744 0.417639 0.428821
0.40744 0.417639 0.428821 0.440888 0.453731
0.428821 0.440888 0.453731 0.467233 0.481268
0.453731 0.467233 0.481268 0.495703 0.510397
0.481268 0.495703 0.510397 0.525206 0.539983
0.510397 0.525206 0.539983 0.554579 0.568843
0.539983 0.554579 0.568843 0.582626 0.595783
0.568843 0.582626 0.595783 0.60817 0.619651
0.595783 0.60817 0.619651 0.630097 0.639387
0.619651 0.630097 0.639387 0.647409 0.654064
0.639387 0.647409 0.654064 0.659264 0.662935
0.654064 0.659264 0.662935 0.665019 0.66547
0.662935 0.665019 0.66547 0.664261 0.661381
0.66547 0.664261 0.661381 0.656835 0.650645
0.661381 0.656835 0.650645 0.642851 0.633509
0.650645 0.642851 0.633509 0.622689 0.61048
0.633509 0.622689 0.61048 0.596983 0.582316
0.61048 0.596983 0.582316 0.566608 0.55
0.582316 0.566608 0.55 0.532645 0.514706
0.55 0.532645 0.514706 0.496354 0.477767
0.514706 0.496354 0.477767 0.459128 0.440623
0.477767 0.459128 0.440623 0.422439 0.404765
0.440623 0.422439 0.404765 0.387785 0.371681
0.404765 0.387785 0.371681 0.356628 0.342792
0.371681 0.356628 0.342792 0.330332 0.319392
0.342792 0.330332 0.319392 0.310107 0.302595
0.319392 0.310107 0.302595 0.296957 0.293279
0.302595 0.296957 0.293279 0.291628 0.292049
0.293279 0.291628 0.292049 0.294571 0.299199
0.292049 0.294571 0.299199 0.305919 0.314694
0.299199 0.305919 0.314694 0.325467 0.33816
0.314694 0.325467 0.33816 0.352674 0.368889
0.33816 0.352674 0.368889 0.386668 0.405856
0.368889 0.386668 0.405856 0.426281 0.447754
0.405856 0.426281 0.447754 0.470076 0.493035
0.447754 0.470076 0.493035 0.516407 0.539964
0.493035 0.516407 0.539964 0.563471 0.586689
0.539964 0.563471 0.586689 0.60938 0.631305
0.586689 0.60938 0.631305 0.652231 0.671931
0.631305 0.652231 0.671931 0.690185 0.706786
0.671931 0.690185 0.706786 0.721537 0.734261
0.706786 0.721537 0.734261 0.744794 0.752993
0.734261 0.744794 0.752993 0.758737 0.761928
0.752993 0.758737 0.761928 0.762494 0.760393
0.761928 0.762494 0.760393 0.755609 0.748161
0.760393 0.755609 0.748161 0.738096 0.725495
0.748161 0.738096 0.725495 0.710464 0.693135
0.725495 0.710464 0.693135 0.673658 0.652203
0.693135 0.673658 0.652203 0.628952 0.604105
0.652203 0.628952 0.604105 0.577878 0.550502
0.604105 0.577878 0.550502 0.522227 0.493317
0.550502 0.522227 0.493317 0.464048 0.434707
0.493317 0.464048 0.434707 0.405587 0.376981
0.434707 0.405587 0.376981 0.349186 0.322492
0.376981 0.349186 0.322492 0.297184 0.273538
0.322492 0.297184 0.273538 0.251817 0.232267
0.273538 0.251817 0.232267 0.215119 0.200581
0.232267 0.215119 0.200581 0.188838 0.180052
0.200581 0.188838 0.180052 0.174354 0.171849
0.180052 0.174354 0.171849 0.17261 0.176679
0.171849 0.17261 0.176679 0.184064 0.194742
0.176679 0.184064 0.194742 0.208653 0.225708
0.194742 0.208653 0.225708 0.245782 0.268717
0.225708 0.245782 0.268717 0.294327 0.322392
0.268717 0.294327 0.322392 0.352669 0.384885
0.322392 0.352669 0.384885 0.418744 0.45393
0.384885 0.418744 0.45393 0.490109 0.526929
0.45393 0.490109 0.526929 0.564029 0.601037
0.526929 0.564029 0.601037 0.637579 0.673274
0.601037 0.637579 0.673274 0.707748 0.740626
0.673274 0.707748 0.740626 0.771544 0.800144
0.740626 0.771544 0.800144 0.826076 0.848996
0.800144 0.826076 0.848996 0.868552 0.884371
0.848996 0.868552 0.884371 0.896019 0.902947
