0.240541 0.468881 0.668427 0.5845 0.762457
0.668427 0.5845 0.762457 0.393785 0.767626
0.762457 0.393785 0.767626 0.321326 0.654337
0.767626 0.321326 0.654337 0.565534 0.77406
0.654337 0.565534 0.77406 0.353463 0.714409
0.77406 0.353463 0.714409 0.45194 0.803126
0.714409 0.45194 0.803126 0.226057 0.425097
0.803126 0.226057 0.425097 0.638256 0.622841
0.425097 0.638256 0.622841 0.70918 0.545077
0.622841 0.70918 0.545077 0.803102 0.254075
0.545077 0.803102 0.254075 0.506123 0.677666
0.254075 0.506123 0.677666 0.577884 0.771205
0.677666 0.577884 0.771205 0.365828 0.732863
0.771205 0.365828 0.732863 0.409732 0.776179
0.732863 0.409732 0.776179 0.300233 0.612496
0.776179 0.300233 0.612496 0.621317 0.703522
0.612496 0.621317 0.703522 0.557611 0.794244
0.703522 0.557611 0.794244 0.287273 0.588175
0.794244 0.287273 0.588175 0.644581 0.661812
0.588175 0.644581 0.661812 0.649364 0.676082
0.661812 0.649364 0.676082 0.623973 0.718973
0.676082 0.623973 0.718973 0.522092 0.814628
0.718973 0.522092 0.814628 0.207568 0.370292
0.814628 0.207568 0.370292 0.570326 0.685225
0.370292 0.570326 0.685225 0.581884 0.769918
0.685225 0.581884 0.769918 0.370903 0.739909
0.769918 0.370903 0.739909 0.392721 0.759599
0.739909 0.392721 0.759599 0.344552 0.695102
0.759599 0.344552 0.695102 0.493256 0.809929
0.695102 0.493256 0.809929 0.215245 0.393534
0.809929 0.215245 0.393534 0.603166 0.660501
0.393534 0.603166 0.660501 0.639289 0.691867
0.660501 0.639289 0.691867 0.588639 0.765502
0.691867 0.588639 0.765502 0.386084 0.759108
0.765502 0.386084 0.759108 0.343976 0.693955
0.759108 0.343976 0.693955 0.495563 0.80973
0.693955 0.495563 0.80973 0.216627 0.397844
0.80973 0.216627 0.397844 0.608583 0.655413
0.397844 0.608583 0.655413 0.649856 0.673343
0.655413 0.649856 0.673343 0.629445 0.710439
0.673343 0.629445 0.710439 0.544123 0.803952
0.710439 0.544123 0.803952 0.250917 0.49768
0.803952 0.250917 0.49768 0.676897 0.576868
0.49768 0.676897 0.576868 0.771849 0.363577
0.576868 0.771849 0.363577 0.729668 0.417278
0.363577 0.729668 0.417278 0.782485 0.282905
0.417278 0.782485 0.282905 0.5742 0.655894
0.282905 0.5742 0.655894 0.638708 0.691385
0.655894 0.638708 0.691385 0.589495 0.76451
0.691385 0.589495 0.76451 0.389267 0.762789
0.76451 0.389267 0.762789 0.334243 0.677637
0.762789 0.334243 0.677637 0.526377 0.801073
0.677637 0.526377 0.801073 0.255286 0.508823
0.801073 0.255286 0.508823 0.677805 0.578419
0.508823 0.677805 0.578419 0.770783 0.367264
0.578419 0.770783 0.367264 0.734869 0.404943
0.367264 0.734869 0.404943 0.771843 0.312016
0.404943 0.771843 0.312016 0.636611 0.591433
0.312016 0.636611 0.591433 0.746126 0.442068
0.591433 0.746126 0.442068 0.806819 0.210559
0.442068 0.806819 0.210559 0.377631 0.581515
0.210559 0.377631 0.581515 0.677975 0.599889
0.581515 0.677975 0.599889 0.749534 0.435208
0.599889 0.749534 0.435208 0.803158 0.220925
0.435208 0.803158 0.220925 0.40932 0.622184
0.220925 0.40932 0.622184 0.641395 0.677084
0.622184 0.641395 0.677084 0.619614 0.72518
0.677084 0.619614 0.72518 0.505445 0.819041
0.72518 0.505445 0.819041 0.187019 0.302403
0.819041 0.187019 0.302403 0.440544 0.672706
0.302403 0.440544 0.672706 0.567877 0.777833
0.672706 0.567877 0.777833 0.342585 0.697148
0.777833 0.342585 0.697148 0.488202 0.810021
0.697148 0.488202 0.810021 0.213412 0.387731
0.810021 0.213412 0.387731 0.595553 0.667176
0.387731 0.595553 0.667176 0.624838 0.715105
0.667176 0.624838 0.715105 0.531692 0.810596
0.715105 0.531692 0.810596 0.224475 0.422503
0.810596 0.224475 0.422503 0.635582 0.626136
0.422503 0.635582 0.626136 0.703813 0.558395
0.626136 0.703813 0.558395 0.793825 0.288878
0.558395 0.793825 0.288878 0.591832 0.6414
0.288878 0.591832 0.6414 0.66797 0.637111
0.6414 0.66797 0.637111 0.697457 0.575877
0.637111 0.697457 0.575877 0.778859 0.341802
0.575877 0.778859 0.341802 0.696082 0.490297
0.341802 0.696082 0.490297 0.809952 0.214276
0.490297 0.809952 0.214276 0.390468 0.599191
0.214276 0.390468 0.599191 0.664056 0.631678
0.599191 0.664056 0.631678 0.704408 0.558709
0.631678 0.704408 0.558709 0.793798 0.289058
0.558709 0.793798 0.289058 0.592247 0.641029
0.289058 0.592247 0.641029 0.668677 0.635675
0.641029 0.668677 0.635675 0.699848 0.570162
0.635675 0.699848 0.570162 0.784219 0.323296
0.570162 0.784219 0.323296 0.66321 0.550451
0.323296 0.66321 0.550451 0.786455 0.310289
0.550451 0.786455 0.310289 0.637364 0.589766
0.310289 0.637364 0.589766 0.748032 0.436331
0.589766 0.748032 0.436331 0.80351 0.220077
0.436331 0.80351 0.220077 0.406786 0.619336
0.220077 0.406786 0.619336 0.64446 0.671354
0.619336 0.64446 0.671354 0.63164 0.706653
0.671354 0.63164 0.706653 0.553565 0.797686
0.706653 0.553565 0.797686 0.274727 0.558632
0.797686 0.274727 0.558632 0.664945 0.617883
0.558632 0.664945 0.617883 0.723826 0.50831
0.617883 0.723826 0.50831 0.818415 0.190096
0.50831 0.818415 0.190096 0.312882 0.463897
0.190096 0.312882 0.463897 0.688266 0.543638
0.463897 0.688266 0.543638 0.797537 0.272237
0.543638 0.797537 0.272237 0.552317 0.668096
0.272237 0.552317 0.668096 0.61015 0.734583
0.668096 0.61015 0.734583 0.478559 0.819469
0.734583 0.478559 0.819469 0.177433 0.26864
0.819469 0.177433 0.26864 0.357096 0.568634
0.26864 0.357096 0.568634 0.682575 0.5868
0.568634 0.682575 0.5868 0.76451 0.38846
0.5868 0.76451 0.38846 0.761792 0.336916
0.38846 0.761792 0.336916 0.682227 0.51799
0.336916 0.682227 0.51799 0.804519 0.241158
0.51799 0.804519 0.241158 0.470276 0.669084
0.241158 0.470276 0.669084 0.583685 0.763417
0.669084 0.583685 0.763417 0.390731 0.764254
0.763417 0.390731 0.764254 0.330389 0.670886
0.764254 0.330389 0.670886 0.538311 0.794753
0.670886 0.538311 0.794753 0.279817 0.570368
0.794753 0.279817 0.570368 0.65805 0.633794
0.570368 0.65805 0.633794 0.699481 0.570414
0.633794 0.699481 0.570414 0.783912 0.324344
0.570414 0.783912 0.324344 0.665171 0.547181
0.324344 0.665171 0.547181 0.788819 0.301741
0.547181 0.788819 0.301741 0.619625 0.612563
0.301741 0.619625 0.612563 0.717052 0.523331
0.612563 0.717052 0.523331 0.813738 0.21105
0.523331 0.813738 0.21105 0.381286 0.586564
0.21105 0.381286 0.586564 0.674351 0.608509
0.586564 0.674351 0.608509 0.738455 0.467875
0.608509 0.738455 0.467875 0.817446 0.181392
0.467875 0.817446 0.181392 0.282156 0.39206
0.181392 0.282156 0.39206 0.621481 0.63717
0.39206 0.621481 0.63717 0.683422 0.605637
0.63717 0.683422 0.605637 0.744597 0.450507
0.605637 0.744597 0.450507 0.811403 0.197324
0.450507 0.811403 0.197324 0.33541 0.510143
0.197324 0.33541 0.510143 0.701703 0.52836
0.510143 0.701703 0.52836 0.807688 0.233475
0.52836 0.807688 0.233475 0.448774 0.657096
0.233475 0.448774 0.657096 0.598987 0.74427
0.657096 0.598987 0.74427 0.449403 0.810691
0.74427 0.449403 0.810691 0.199461 0.342365
0.810691 0.199461 0.342365 0.523249 0.701354
0.342365 0.523249 0.701354 0.533074 0.805973
0.701354 0.533074 0.805973 0.240746 0.469527
0.805973 0.240746 0.469527 0.66871 0.584163
0.469527 0.66871 0.584163 0.762858 0.392512
0.584163 0.762858 0.392512 0.766233 0.325082
0.392512 0.766233 0.325082 0.661308 0.55442
0.325082 0.661308 0.55442 0.783569 0.320632
0.55442 0.783569 0.320632 0.657738 0.559421
0.320632 0.657738 0.559421 0.77933 0.335405
0.559421 0.77933 0.335405 0.684734 0.512419
0.335405 0.684734 0.512419 0.806214 0.233729
0.512419 0.806214 0.233729 0.44908 0.657346
0.233729 0.44908 0.657346 0.598642 0.744724
0.657346 0.598642 0.744724 0.448064 0.810062
0.744724 0.448064 0.810062 0.201226 0.348065
0.810062 0.201226 0.348065 0.533596 0.699792
0.348065 0.533596 0.699792 0.539664 0.802838
0.699792 0.539664 0.802838 0.253343 0.50404
0.802838 0.253343 0.50404 0.677564 0.57746
0.50404 0.677564 0.57746 0.771541 0.364686
0.57746 0.771541 0.364686 0.731252 0.41355
0.364686 0.731252 0.41355 0.77945 0.291271
0.41355 0.77945 0.291271 0.593107 0.640806
0.291271 0.593107 0.640806 0.669286 0.634465
0.640806 0.669286 0.634465 0.70185 0.565326
0.634465 0.70185 0.565326 0.788467 0.308317
0.565326 0.788467 0.308317 0.633786 0.594572
0.308317 0.633786 0.594572 0.74203 0.454136
0.594572 0.74203 0.454136 0.812559 0.194403
0.454136 0.812559 0.194403 0.325872 0.491293
0.194403 0.325872 0.491293 0.698992 0.528748
0.491293 0.698992 0.528748 0.806751 0.236794
0.528748 0.806751 0.236794 0.458271 0.663003
0.236794 0.458271 0.663003 0.591318 0.754161
0.663003 0.591318 0.754161 0.419674 0.792004
0.754161 0.419674 0.792004 0.253194 0.50038
0.792004 0.253194 0.50038 0.677609 0.576273
0.50038 0.677609 0.576273 0.77257 0.361215
0.576273 0.77257 0.361215 0.726267 0.425194
0.361215 0.726267 0.425194 0.7884 0.266487
0.425194 0.7884 0.266487 0.53482 0.674853
0.266487 0.53482 0.674853 0.592009 0.757012
0.674853 0.592009 0.757012 0.411776 0.785454
0.757012 0.411776 0.785454 0.27187 0.547758
0.785454 0.27187 0.547758 0.670524 0.604209
0.547758 0.670524 0.604209 0.742395 0.456043
0.604209 0.742395 0.456043 0.813621 0.191273
0.456043 0.813621 0.191273 0.315498 0.469654
0.191273 0.315498 0.469654 0.691178 0.539217
0.469654 0.691178 0.539217 0.800449 0.261225
0.539217 0.800449 0.261225 0.524606 0.676651
0.261225 0.524606 0.676651 0.58543 0.764046
0.676651 0.58543 0.764046 0.389411 0.762827
0.764046 0.389411 0.762827 0.334175 0.677522
0.762827 0.334175 0.677522 0.526583 0.800977
0.677522 0.526583 0.800977 0.255668 0.509829
0.800977 0.255668 0.509829 0.677815 0.578702
0.509829 0.677815 0.578702 0.770538 0.368085
0.578702 0.770538 0.368085 0.736003 0.402218
0.368085 0.736003 0.402218 0.76926 0.318974
0.402218 0.76926 0.318974 0.650122 0.571967
0.318974 0.650122 0.571967 0.767874 0.374041
0.571967 0.767874 0.374041 0.74375 0.383331
0.374041 0.74375 0.383331 0.749053 0.37158
0.383331 0.749053 0.37158 0.73462 0.406887
0.37158 0.73462 0.406887 0.773804 0.306647
0.406887 0.773804 0.306647 0.62581 0.605591
0.306647 0.62581 0.605591 0.727368 0.49573
0.605591 0.727368 0.49573 0.819762 0.181545
0.49573 0.819762 0.181545 0.283396 0.395102
0.181545 0.283396 0.395102 0.625455 0.632623
0.395102 0.625455 0.632623 0.691439 0.587554
0.632623 0.691439 0.587554 0.766436 0.38299
0.587554 0.766436 0.38299 0.755416 0.353619
0.38299 0.755416 0.353619 0.709072 0.464563
0.353619 0.709072 0.464563 0.807387 0.215367
0.464563 0.807387 0.215367 0.393158 0.602756
0.215367 0.393158 0.602756 0.660858 0.638529
0.602756 0.660858 0.638529 0.693148 0.585666
0.638529 0.693148 0.585666 0.76877 0.375477
0.585666 0.76877 0.375477 0.74602 0.377575
0.375477 0.74602 0.377575 0.742077 0.388911
0.377575 0.742077 0.388911 0.755621 0.354813
0.388911 0.755621 0.354813 0.711068 0.460254
0.354813 0.711068 0.460254 0.806183 0.218182
0.460254 0.806183 0.218182 0.401667 0.613313
0.218182 0.401667 0.613313 0.65072 0.659268
0.613313 0.65072 0.659268 0.655749 0.66448
0.659268 0.655749 0.66448 0.64787 0.679353
0.66448 0.64787 0.679353 0.617057 0.729228
0.679353 0.617057 0.729228 0.494444 0.820249
0.729228 0.494444 0.820249 0.179422 0.275996
0.820249 0.179422 0.275996 0.376325 0.599358
0.275996 0.376325 0.599358 0.659629 0.639699
0.599358 0.659629 0.639699 0.69097 0.590674
0.639699 0.69097 0.590674 0.763203 0.393456
0.590674 0.763203 0.393456 0.767461 0.321721
0.393456 0.767461 0.321721 0.655071 0.564389
0.321721 0.655071 0.564389 0.775109 0.349916
0.564389 0.775109 0.349916 0.708871 0.463918
0.349916 0.708871 0.463918 0.807071 0.216257
0.463918 0.807071 0.216257 0.395876 0.606213
0.216257 0.395876 0.606213 0.657654 0.645243
0.606213 0.657654 0.645243 0.68159 0.611778
0.645243 0.68159 0.611778 0.736619 0.473707
0.611778 0.736619 0.473707 0.818791 0.178382
0.473707 0.818791 0.178382 0.27184 0.36556
0.178382 0.27184 0.36556 0.582652 0.673315
0.36556 0.582652 0.673315 0.609339 0.737139
0.673315 0.609339 0.737139 0.471608 0.818309
0.737139 0.471608 0.818309 0.179464 0.275561
0.818309 0.179464 0.275561 0.375253 0.597746
0.275561 0.375253 0.597746 0.661075 0.636636
0.597746 0.661075 0.636636 0.696112 0.578682
0.636636 0.696112 0.578682 0.776044 0.351336
0.578682 0.776044 0.351336 0.711512 0.458169
0.351336 0.711512 0.458169 0.805371 0.220323
0.458169 0.805371 0.220323 0.408113 0.620778
0.220323 0.408113 0.620778 0.642933 0.674228
0.620778 0.642933 0.674228 0.625657 0.716079
0.674228 0.625657 0.716079 0.529601 0.811601
0.716079 0.529601 0.811601 0.220368 0.410121
0.811601 0.220368 0.410121 0.622821 0.640767
0.410121 0.622821 0.640767 0.678261 0.617099
0.640767 0.678261 0.617099 0.728845 0.495433
0.617099 0.728845 0.495433 0.820189 0.179931
0.495433 0.820189 0.179931 0.277786 0.380925
0.179931 0.277786 0.380925 0.606107 0.653294
0.380925 0.606107 0.653294 0.652752 0.667832
0.653294 0.652752 0.667832 0.640775 0.691752
0.667832 0.640775 0.691752 0.589333 0.764781
0.691752 0.589333 0.764781 0.388419 0.761822
0.764781 0.388419 0.761822 0.336812 0.682047
0.761822 0.336812 0.682047 0.518322 0.804398
0.682047 0.518322 0.804398 0.241667 0.471704
0.804398 0.241667 0.471704 0.669698 0.582957
0.471704 0.669698 0.582957 0.764276 0.387993
0.582957 0.764276 0.387993 0.761141 0.338669
0.387993 0.761141 0.338669 0.685196 0.512448
0.338669 0.685196 0.512448 0.806348 0.23328
0.512448 0.806348 0.23328 0.447787 0.656469
0.23328 0.447787 0.656469 0.599786 0.743198
0.656469 0.599786 0.743198 0.452548 0.812084
0.743198 0.452548 0.812084 0.195575 0.329705
0.812084 0.195575 0.329705 0.498989 0.700558
0.329705 0.498989 0.700558 0.527576 0.807589
