0.335938 0.550781 0.371094 0.160156 0.0859375
0.371094 0.160156 0.0859375 0.0820312 0.125
0.0859375 0.0820312 0.125 0.28125 0.539062
0.125 0.28125 0.539062 0.433594 0.1875
0.539062 0.433594 0.1875 0.0898438 0.0742188
0.1875 0.0898438 0.0742188 0.105469 0.230469
0.0742188 0.105469 0.230469 0.503906 0.503906
0.230469 0.503906 0.503906 0.226562 0.105469
0.503906 0.226562 0.105469 0.0742188 0.09375
0.105469 0.0742188 0.09375 0.179688 0.4375
0.09375 0.179688 0.4375 0.5625 0.285156
0.4375 0.5625 0.285156 0.117188 0.078125
0.285156 0.117188 0.078125 0.0742188 0.144531
0.078125 0.0742188 0.144531 0.359375 0.59375
0.144531 0.359375 0.59375 0.363281 0.140625
0.59375 0.363281 0.140625 0.078125 0.0703125
0.140625 0.078125 0.0703125 0.113281 0.277344
0.0703125 0.113281 0.277344 0.570312 0.457031
0.277344 0.570312 0.457031 0.179688 0.0898438
0.457031 0.179688 0.0898438 0.0703125 0.0859375
0.0898438 0.0703125 0.0859375 0.203125 0.5
0.0859375 0.203125 0.5 0.554688 0.242188
0.5 0.554688 0.242188 0.101562 0.0664062
0.242188 0.101562 0.0664062 0.0742188 0.144531
0.0664062 0.0742188 0.144531 0.390625 0.617188
0.144531 0.390625 0.617188 0.335938 0.125
0.617188 0.335938 0.125 0.0664062 0.0664062
0.125 0.0664062 0.0664062 0.105469 0.28125
0.0664062 0.105469 0.28125 0.601562 0.460938
0.28125 0.601562 0.460938 0.167969 0.078125
0.460938 0.167969 0.078125 0.0585938 0.0820312
0.078125 0.0585938 0.0820312 0.183594 0.5
0.0820312 0.183594 0.5 0.585938 0.246094
0.5 0.585938 0.246094 0.09375 0.0625
0.246094 0.09375 0.0625 0.0664062 0.128906
0.0625 0.0664062 0.128906 0.359375 0.648438
0.128906 0.359375 0.648438 0.371094 0.128906
0.648438 0.371094 0.128906 0.0625 0.0546875
0.128906 0.0625 0.0546875 0.0859375 0.226562
0.0546875 0.0859375 0.226562 0.582031 0.535156
0.226562 0.582031 0.535156 0.195312 0.078125
0.535156 0.195312 0.078125 0.0585938 0.0625
0.078125 0.0585938 0.0625 0.136719 0.414062
0.0625 0.136719 0.414062 0.660156 0.320312
0.414062 0.660156 0.320312 0.109375 0.0585938
0.320312 0.109375 0.0585938 0.0546875 0.0898438
0.0585938 0.0546875 0.0898438 0.253906 0.625
0.0898438 0.253906 0.625 0.519531 0.175781
0.625 0.519531 0.175781 0.0703125 0.0546875
0.175781 0.0703125 0.0546875 0.0625 0.140625
0.0546875 0.0625 0.140625 0.433594 0.6875
0.140625 0.433594 0.6875 0.3125 0.101562
0.6875 0.3125 0.101562 0.0546875 0.0507812
0.101562 0.0546875 0.0507812 0.078125 0.234375
0.0507812 0.078125 0.234375 0.636719 0.546875
0.234375 0.636719 0.546875 0.175781 0.0703125
0.546875 0.175781 0.0703125 0.046875 0.0546875
0.0703125 0.046875 0.0546875 0.117188 0.382812
0.0546875 0.117188 0.382812 0.722656 0.363281
0.382812 0.722656 0.363281 0.109375 0.0546875
0.363281 0.109375 0.0546875 0.046875 0.0664062
0.0546875 0.046875 0.0664062 0.179688 0.566406
0.0664062 0.179688 0.566406 0.652344 0.226562
0.566406 0.652344 0.226562 0.0742188 0.0429688
0.226562 0.0742188 0.0429688 0.046875 0.0820312
0.0429688 0.046875 0.0820312 0.265625 0.714844
0.0820312 0.265625 0.714844 0.515625 0.148438
0.714844 0.515625 0.148438 0.0585938 0.0429688
0.148438 0.0585938 0.0429688 0.0507812 0.101562
0.0429688 0.0507812 0.101562 0.363281 0.789062
0.101562 0.363281 0.789062 0.390625 0.105469
0.789062 0.390625 0.105469 0.046875 0.0390625
0.105469 0.046875 0.0390625 0.0507812 0.117188
0.0390625 0.0507812 0.117188 0.445312 0.804688
0.117188 0.445312 0.804688 0.320312 0.0820312
0.804688 0.320312 0.0820312 0.0429688 0.0351562
0.0820312 0.0429688 0.0351562 0.0390625 0.117188
0.0351562 0.0390625 0.117188 0.46875 0.839844
0.117188 0.46875 0.839844 0.300781 0.078125
0.839844 0.300781 0.078125 0.0390625 0.03125
0.078125 0.0390625 0.03125 0.0351562 0.0820312
0.03125 0.0351562 0.0820312 0.371094 0.914062
0.0820312 0.371094 0.914062 0.386719 0.0859375
0.914062 0.386719 0.0859375 0.0351562 0.03125
0.0859375 0.0351562 0.03125 0.0273438 0.0351562
0.03125 0.0273438 0.0351562 0.136719 0.6875
0.0351562 0.136719 0.6875 0.839844 0.179688
0.6875 0.839844 0.179688 0.0429688 0.0273438
0.179688 0.0429688 0.0273438 0.0195312 0.015625
0.0273438 0.0195312 0.015625 0.0117188 0.015625
0.015625 0.0117188 0.015625 0.0742188 0.410156
0.015625 0.0742188 0.410156 0.488281 0.214844
0.410156 0.488281 0.214844 0.117188 0.109375
0.214844 0.117188 0.109375 0.160156 0.277344
0.109375 0.160156 0.277344 0.382812 0.308594
0.277344 0.382812 0.308594 0.191406 0.132812
0.308594 0.191406 0.132812 0.128906 0.183594
0.132812 0.128906 0.183594 0.292969 0.371094
0.183594 0.292969 0.371094 0.296875 0.1875
0.371094 0.296875 0.1875 0.132812 0.136719
0.1875 0.132812 0.136719 0.191406 0.304688
0.136719 0.191406 0.304688 0.375 0.292969
0.304688 0.375 0.292969 0.183594 0.132812
0.292969 0.183594 0.132812 0.132812 0.191406
0.132812 0.132812 0.191406 0.316406 0.386719
0.191406 0.316406 0.386719 0.296875 0.179688
0.386719 0.296875 0.179688 0.125 0.128906
0.179688 0.125 0.128906 0.191406 0.324219
0.128906 0.191406 0.324219 0.394531 0.289062
0.324219 0.394531 0.289062 0.171875 0.125
0.289062 0.171875 0.125 0.128906 0.195312
0.125 0.128906 0.195312 0.332031 0.402344
0.195312 0.332031 0.402344 0.285156 0.167969
0.402344 0.285156 0.167969 0.117188 0.121094
0.167969 0.117188 0.121094 0.191406 0.332031
0.121094 0.191406 0.332031 0.414062 0.289062
0.332031 0.414062 0.289062 0.167969 0.121094
0.289062 0.167969 0.121094 0.121094 0.191406
0.121094 0.121094 0.191406 0.339844 0.425781
0.191406 0.339844 0.425781 0.296875 0.160156
0.425781 0.296875 0.160156 0.113281 0.117188
0.160156 0.113281 0.117188 0.183594 0.339844
0.117188 0.183594 0.339844 0.429688 0.296875
0.339844 0.429688 0.296875 0.160156 0.109375
0.296875 0.160156 0.109375 0.117188 0.183594
0.109375 0.117188 0.183594 0.34375 0.445312
0.183594 0.34375 0.445312 0.308594 0.160156
0.445312 0.308594 0.160156 0.109375 0.109375
0.160156 0.109375 0.109375 0.175781 0.335938
0.109375 0.175781 0.335938 0.457031 0.320312
0.335938 0.457031 0.320312 0.164062 0.101562
0.320312 0.164062 0.101562 0.101562 0.167969
0.101562 0.101562 0.167969 0.328125 0.464844
0.167969 0.328125 0.464844 0.332031 0.164062
0.464844 0.332031 0.164062 0.101562 0.0976562
0.164062 0.101562 0.0976562 0.152344 0.3125
0.0976562 0.152344 0.3125 0.472656 0.351562
0.3125 0.472656 0.351562 0.167969 0.101562
0.351562 0.167969 0.101562 0.09375 0.140625
0.101562 0.09375 0.140625 0.296875 0.480469
0.140625 0.296875 0.480469 0.375 0.179688
0.480469 0.375 0.179688 0.101562 0.0898438
0.179688 0.101562 0.0898438 0.136719 0.28125
0.0898438 0.136719 0.28125 0.480469 0.398438
0.28125 0.480469 0.398438 0.195312 0.105469
0.398438 0.195312 0.105469 0.0859375 0.121094
0.105469 0.0859375 0.121094 0.25 0.472656
0.121094 0.25 0.472656 0.429688 0.207031
0.472656 0.429688 0.207031 0.105469 0.0820312
0.207031 0.105469 0.0820312 0.109375 0.222656
0.0820312 0.109375 0.222656 0.457031 0.46875
0.222656 0.457031 0.46875 0.230469 0.109375
0.46875 0.230469 0.109375 0.078125 0.0976562
0.109375 0.078125 0.0976562 0.191406 0.425781
0.0976562 0.191406 0.425781 0.5 0.265625
0.425781 0.5 0.265625 0.121094 0.078125
0.265625 0.121094 0.078125 0.0898438 0.167969
0.078125 0.0898438 0.167969 0.382812 0.527344
0.167969 0.382812 0.527344 0.300781 0.132812
0.527344 0.300781 0.132812 0.0859375 0.0859375
0.132812 0.0859375 0.0859375 0.140625 0.335938
0.0859375 0.140625 0.335938 0.542969 0.355469
0.335938 0.542969 0.355469 0.148438 0.0820312
0.355469 0.148438 0.0820312 0.0742188 0.117188
0.0820312 0.0742188 0.117188 0.285156 0.535156
0.117188 0.285156 0.535156 0.417969 0.171875
0.535156 0.417969 0.171875 0.0898438 0.0742188
0.171875 0.0898438 0.0742188 0.101562 0.230469
0.0742188 0.101562 0.230469 0.503906 0.488281
0.230469 0.503906 0.488281 0.214844 0.09375
0.488281 0.214844 0.09375 0.0703125 0.0859375
0.09375 0.0703125 0.0859375 0.183594 0.445312
0.0859375 0.183594 0.445312 0.546875 0.265625
0.445312 0.546875 0.265625 0.109375 0.0703125
0.265625 0.109375 0.0703125 0.0742188 0.140625
0.0703125 0.0742188 0.140625 0.363281 0.585938
0.140625 0.363281 0.585938 0.34375 0.132812
0.585938 0.34375 0.132812 0.0742188 0.0703125
0.132812 0.0742188 0.0703125 0.109375 0.28125
0.0703125 0.109375 0.28125 0.574219 0.4375
0.28125 0.574219 0.4375 0.167969 0.078125
0.4375 0.167969 0.078125 0.0625 0.0898438
0.078125 0.0625 0.0898438 0.207031 0.511719
0.0898438 0.207031 0.511719 0.535156 0.226562
0.511719 0.535156 0.226562 0.09375 0.0625
0.226562 0.09375 0.0625 0.0742188 0.148438
0.0625 0.0742188 0.148438 0.40625 0.609375
0.148438 0.40625 0.609375 0.3125 0.117188
0.609375 0.3125 0.117188 0.0664062 0.0625
0.117188 0.0664062 0.0625 0.109375 0.292969
0.0625 0.109375 0.292969 0.609375 0.4375
0.292969 0.609375 0.4375 0.15625 0.0703125
0.4375 0.15625 0.0703125 0.0585938 0.0820312
0.0703125 0.0585938 0.0820312 0.199219 0.515625
0.0820312 0.199219 0.515625 0.566406 0.230469
0.515625 0.566406 0.230469 0.0859375 0.0585938
0.230469 0.0859375 0.0585938 0.0664062 0.125
0.0585938 0.0664062 0.125 0.375 0.640625
0.125 0.375 0.640625 0.347656 0.117188
0.640625 0.347656 0.117188 0.0625 0.0546875
0.117188 0.0625 0.0546875 0.09375 0.242188
0.0546875 0.09375 0.242188 0.597656 0.507812
0.242188 0.597656 0.507812 0.179688 0.0742188
0.507812 0.179688 0.0742188 0.0507812 0.0664062
0.0742188 0.0507812 0.0664062 0.144531 0.441406
0.0664062 0.144531 0.441406 0.644531 0.292969
0.441406 0.644531 0.292969 0.0976562 0.0546875
0.292969 0.0976562 0.0546875 0.0507812 0.09375
0.0546875 0.0507812 0.09375 0.265625 0.640625
0.09375 0.265625 0.640625 0.480469 0.15625
0.640625 0.480469 0.15625 0.0664062 0.0507812
0.15625 0.0664062 0.0507812 0.0625 0.148438
0.0507812 0.0625 0.148438 0.460938 0.664062
0.148438 0.460938 0.664062 0.277344 0.09375
0.664062 0.277344 0.09375 0.0507812 0.046875
0.09375 0.0507812 0.046875 0.0859375 0.253906
0.046875 0.0859375 0.253906 0.652344 0.503906
0.253906 0.652344 0.503906 0.15625 0.0625
0.503906 0.15625 0.0625 0.046875 0.0546875
0.0625 0.046875 0.0546875 0.128906 0.417969
0.0546875 0.128906 0.417969 0.710938 0.316406
0.417969 0.710938 0.316406 0.09375 0.046875
0.316406 0.09375 0.046875 0.0429688 0.0664062
0.046875 0.0429688 0.0664062 0.199219 0.609375
0.0664062 0.199219 0.609375 0.605469 0.191406
0.609375 0.605469 0.191406 0.0664062 0.0429688
0.191406 0.0664062 0.0429688 0.0429688 0.0898438
0.0429688 0.0429688 0.0898438 0.300781 0.738281
0.0898438 0.300781 0.738281 0.449219 0.125
0.738281 0.449219 0.125 0.0507812 0.0351562
0.125 0.0507812 0.0351562 0.046875 0.117188
0.0351562 0.046875 0.117188 0.417969 0.769531
0.117188 0.417969 0.769531 0.320312 0.0898438
0.769531 0.320312 0.0898438 0.0390625 0.0351562
0.0898438 0.0390625 0.0351562 0.046875 0.140625
0.0351562 0.046875 0.140625 0.523438 0.75
0.140625 0.523438 0.75 0.25 0.0703125
0.75 0.25 0.0703125 0.0390625 0.03125
0.0703125 0.0390625 0.03125 0.0507812 0.144531
0.03125 0.0507812 0.144531 0.578125 0.761719
0.144531 0.578125 0.761719 0.226562 0.0625
0.761719 0.226562 0.0625 0.0351562 0.03125
0.0625 0.0351562 0.03125 0.0390625 0.113281
0.03125 0.0390625 0.113281 0.515625 0.859375
0.113281 0.515625 0.859375 0.261719 0.0585938
0.859375 0.261719 0.0585938 0.03125 0.0234375
0.0585938 0.03125 0.0234375 0.0273438 0.0546875
0.0234375 0.0273438 0.0546875 0.257812 0.925781
0.0546875 0.257812 0.925781 0.535156 0.0976562
0.925781 0.535156 0.0976562 0.0351562 0.0234375
0.0976562 0.0351562 0.0234375 0.0195312 0.015625
0.0234375 0.0195312 0.015625 0.0195312 0.0976562
0.015625 0.0195312 0.0976562 0.644531 0.910156
0.0976562 0.644531 0.910156 0.199219 0.046875
0.910156 0.199219 0.046875 0.0273438 0.0273438
0.046875 0.0273438 0.0273438 0.0273438 0.0703125
0.0273438 0.0273438 0.0703125 0.3125 0.785156
0.0703125 0.3125 0.785156 0.425781 0.113281
0.785156 0.425781 0.113281 0.046875 0.0390625
0.113281 0.046875 0.0390625 0.0546875 0.148438
0.0390625 0.0546875 0.148438 0.5 0.660156
0.148438 0.5 0.660156 0.246094 0.078125
0.660156 0.246094 0.078125 0.0429688 0.0429688
0.078125 0.0429688 0.0429688 0.0898438 0.289062
0.0429688 0.0898438 0.289062 0.675781 0.445312
0.289062 0.675781 0.445312 0.132812 0.0546875
0.445312 0.132812 0.0546875 0.0429688 0.0546875
0.0546875 0.0429688 0.0546875 0.144531 0.476562
0.0546875 0.144531 0.476562 0.671875 0.261719
0.476562 0.671875 0.261719 0.0820312 0.0429688
0.261719 0.0820312 0.0429688 0.0429688 0.078125
0.0429688 0.0429688 0.078125 0.25 0.660156
0.078125 0.25 0.660156 0.511719 0.152344
0.660156 0.511719 0.152344 0.0507812 0.0351562
0.152344 0.0507812 0.0351562 0.046875 0.109375
0.0351562 0.046875 0.109375 0.390625 0.734375
0.109375 0.390625 0.734375 0.34375 0.0976562
0.734375 0.34375 0.0976562 0.0429688 0.0390625
0.0976562 0.0429688 0.0390625 0.0546875 0.160156
0.0390625 0.0546875 0.160156 0.550781 0.6875
0.160156 0.550781 0.6875 0.222656 0.0664062
0.6875 0.222656 0.0664062 0.0390625 0.0390625
0.0664062 0.0390625 0.0390625 0.0625 0.21875
0.0390625 0.0625 0.21875 0.683594 0.582031
0.21875 0.683594 0.582031 0.160156 0.0546875
0.582031 0.160156 0.0546875 0.03125 0.0351562
0.0546875 0.03125 0.0351562 0.0703125 0.261719
0.0351562 0.0703125 0.261719 0.765625 0.507812
0.261719 0.765625 0.507812 0.125 0.0429688
0.507812 0.125 0.0429688 0.03125 0.0273438
0.0429688 0.03125 0.0273438 0.0664062 0.257812
0.0273438 0.0664062 0.257812 0.808594 0.511719
0.257812 0.808594 0.511719 0.117188 0.0390625
0.511719 0.117188 0.0390625 0.0273438 0.0234375
0.0390625 0.0273438 0.0234375 0.046875 0.1875
0.0234375 0.046875 0.1875 0.753906 0.671875
0.1875 0.753906 0.671875 0.152344 0.0429688
0.671875 0.152344 0.0429688 0.0273438 0.0234375
