34.269991
33.950011
33.639991
33.24999
32.97999
33.129991
32.849999
33.230009
33.759991
33.36999
32.180011
32.910001
33.050011
32.949989
32.75001
33.150001
33.21999
33.02001
32.570011
32.919989
33.699989
33.84999
34.13001
34.419989
34.89
35.169989
35.300011
35.319989
36.009991
35.450011
35.78001
35.300011
35.70999
35.90001
35.199989
35.330011
35.939999
36.09999
36.200011
36.99
37.26
36.569999
37.199999
37.349999
37.52001
36.63
36.680011
37.329989
37.410001
37.430011
37.560001
37.700011
37.52001
37.23999
36.87
36.29001
35.300011
35.300011
34.98999
31.199999
30.89001
30.930001
30.590009
29.00001
29.670001
29.849999
28.79001
28.71999
28.550011
29.210009
29.570011
29.579999
30.429989
31.059989
31.929989
31.709999
31.449989
31.730009
32.169989
32.39001
32.51001
32.889991
32.73
32.799989
32.66001
32.919989
32.52
32.400001
32.25
32.280001
32.10999
31.820011
31.269991
31.340009
31.449989
31.920001
32.049989
32.210009
32.600009
31.730009
31.530001
31.91001
31.779991
32.090009
31.509991
31.449989
31.659991
30.819989
31.100009
33.060001
32.37
32.459999
32.330011
32.430001
32.54001
33.030001
32.870009
32.139991
32.34999
32.960009
33.12
34.050001
34.530001
34.970009
34.299989
33.429989
33.180001
33.710009
34.16001
33.719999
34.190011
34.5
34.370009
34.709999
35.300011
34.509991
34.539991
33.860009
33.830011
33.36999
33.45999
33.980009
33.660001
33.699989
33.36999
33.89001
33.680011
34.220009
33.639991
33.939989
34.689989
34.680001
34.71999
34.76001
34.589999
34.83999
33.879991
33.77001
32.61
36.680011
30.800011
30.009991
30.860009
30.53001
30.939989
30.839999
29.310001
30.540001
31.469999
32.73
30.89001
29.579999
28.02
26.769991
26.139991
25.88001
26.360009
26.090009
25.14
25.5
25.28001
24.99999
25.100009
24.72999
25.319999
25.5
25.98
26.849999
26.49999
26.600009
26.720009
25.949999
26.720009
26.310001
26.649991
26.54001
25.850009
26.49
26.480009
23.51001
23.61
22.8
22.05999
21.980011
22.46001
22.349999
22.40001
23.039999
23.480011
23.90001
24.300001
24.41001
25.100009
25.580011
25.14
24.41001
23.64999
23.25
22.86
23.099999
22.569991
21.879991
22.07001
21.719999
21.71001
21.840001
21.83001
22.08999
22.86999
22.05999
22.19001
22.05999
22.310009
21.519989
22.35999
22.02
21.99999
23.22999
22.74
22.13001
22.02999
21.980011
21.960001
21.819991
22.83999
22.05999
22.289999
23.039999
22.490009
22.83
22.94001
22.76001
23.990009
24.300001
24.75
24.909991
24.209999
24.41001
24.170011
23.51001
19.629991
17.64
17.060009
17.00001
18.24
19.88001
19.689991
18.920011
19.02999
19.04001
18.29001
17.439991
16.28001
15.860011
15.03999
14.52999
14.82
14.319991
14.480011
13.74999
13.469999
12.680009
12.560009
12.48
13.569991
13.40001
13.370009
13.76001
13.70001
14.990009
14.90001
16.17
15.599999
14.73
14.340001
14.990009
15.230011
15.14001
15.210001
15.780001
15.680009
15.66999
15.27
15.51
16.329989
16.56
18.30999
17.969999
18.960001
18.14001
17.66001
19.25001
18.41001
19.5
19.62
19.629991
18.33
18.819991
18.38001
18.800011
18.030001
18.29001
18.63
18.53001
18.93
20.099999
20.61999
21.27
20.219999
20.400001
19.92
21.009991
21.63
22.38
22.17999
22.11999
22.74999
21.39
22.62
21.08001
21.170011
21.50001
22.310009
21.24999
21.77001
21.99
21.50001
21.599999
21.800011
21.87
22.16001
22.32
22.10001
22.59999
22.53999
22.17
21.780001
19.83
17.400001
17.78001
17.7
18.03999
17.64
17.78001
17.909999
17.84001
17.88
17.40999
17.870009
16.77
17.43
17.37
17.61
17.40999
16.34001
16.29999
16.74
17.73999
17.04999
17.019989
17.22999
16.98999
17.099999
17.73999
17.84001
17.849999
18.06
18.15999
17.49999
17.51001
17.52
18.42999
17.810009
17.52
17.58999
17.25
16.80999
17.00001
16.59999
17.079989
16.95999
17.43
18.12
16.91001
17.15001
18.38001
19.26
19.449989
18.170011
18.719999
18.48999
18.639989
18.77001
18.75
19.34001
19.76001
19.56
19.8
19.89999
19.98999
19.95999
20.45001
20.61
20.97999
14.55999
15.57
16.430009
17.15001
16.14
16.17
17.019989
17.03001
17.379991
17.219999
17.460001
18.3
18.780001
18.12
18.03999
18.189991
17.54001
18.36999
18.780001
18.45
19.310009
19.11999
18.96999
17.909999
19.76001
18.60999
19.329989
20.13
19.370009
18.30999
18.129991
18.36
17.73999
16.509991
17.52
17.84001
16.509991
15.21999
14.21001
13.28001
12.42999
10.98999
11.12001
13.2
12.51
10.77
12.030001
11.79999
12.09999
11.39001
10.83999
10.14999
9.75999
8.91999
11.60001
11.52
11.90001
13.70001
13.65999
13.82001
12.08001
13.490009
14.00001
14.00001
14.019989
14.060009
14.990009
14.75001
15.41001
15.48999
14.280001
13.430009
14.199989
15.009991
14.69001
15.599999
15.699989
13.82001
15.57
14.40999
13.689991
14.7
15
14.84001
14.909999
13.68
14.51001
14.019989
14.79999
14.789999
14.849999
14.52999
14.259991
14.25
14.870009
14.82
15.27
15.32001
15.900001
16.07001
16.25001
16.629991
16.710001
17.25
16.289999
16.68
16.98999
16.83999
17.94
17.75001
16.94001
17.789999
17.180009
17.099999
17.22999
17.180009
17.27001
17.34999
16.98999
17.72001
17.25
17.079989
17.09001
17.58999
17.420011
16.82001
16.98999
17.21001
17.01
16.23999
16.01001
15.900001
15.99999
15.99999
16.329989
15.99999
17.79999
17.85999
17.769989
17.52999
17.79999
17.34999
18
19.14
18.69
18.129991
18.800011
18.659999
18.20001
18.719999
18.879991
18.50001
17.889989
18.599999
17.91999
18.27
18.69
18.65001
18.48
18.75
19.02
19.14999
19.730011
19.52001
18.93
19.68
20.319991
19.98
19.76001
19.83
20.019989
19.550011
18.48
18
17.870009
17.55999
17.340001
17.21001
17.39001
17.67
17.27001
16.86
17.099999
16.82001
14.300011
14.039999
14.13
13.83999
14.00001
13.590001
13.91001
13.8
14.52999
14.57001
14.84001
14.96001
15.150001
15.50001
14.930009
14.949989
14.909999
15.45
15.659999
15.78999
15.699989
15.51
15.18
15.189991
15.12
15.129991
14.990009
14.45001
14.09001
14.49999
14.13
13.83
13.28001
13.38
13.56
13.8
13.91001
13.79001
13.95999
14.180009
13.83999
13.59999
13.5
13.430009
13.389989
13.46001
13.2
13.22001
13.53999
13.610011
13.88001
13.86999
13.89999
14.099999
14.70999
14.90001
14.97999
15.36999
15.51
15.50001
15.069991
15.030001
15.170011
15.15999
13.86999
14.22999
14.360011
14.22999
14.25
14.28999
14.00001
13.62
13.77999
13.80999
13.74999
13.95999
13.80999
13.98
13.94001
13.97001
13.77999
13.56
13.68
13.689991
13.74999
13.82001
13.64001
13.89999
14.120009
14.27001
14.849999
15.42
15.51
15.560009
15.84999
15.980011
15.920011
15.719999
15.48999
15.15999
15.39
15.48999
15.129991
14.58
14.39001
14.49999
14.769989
15.659999
16.629991
17.19
17.07
17.45001
17.969999
17.69001
17.25
17.37
17.04999
16.95999
17.280001
17.019989
16.95999
16.80999
16.14999
16.41999
16.08999
16.17
16.26
16.02
16.32
16.14999
16.53999
16.86999
17.22999
16.92999
17.280001
17.930009
17.90001
17.58
17.159999
17.099999
17.58
17.379991
17.13
16.550011
16.47999
16.88001
16.490009
16.14999
16.569991
16.8
16.689991
16.5
16.52001
16.490009
16.86999
17.09001
17.01
16.74
16.58001
17.15001
17.34999
17.76
17.810009
17.37
17.73999
17.63001
17.15001
17.52999
17.099999
16.590001
16.35999
16.430009
16.389989
16.389989
16.650001
16.76001
16.509991
16.89
16.59999
16.35999
16.29999
16.430009
16.310009
16.59999
16.25001
16.01001
16.02
15.879991
15.87
15.57
15.759991
15.45999
