0.885529
0.877261
0.86925
0.859173
0.852196
0.856072
0.848837
0.858656
0.872351
0.862273
0.831525
0.850387
0.854005
0.851421
0.846253
0.856589
0.858397
0.85323
0.841602
0.850645
0.870801
0.874676
0.881912
0.889405
0.90155
0.908785
0.912145
0.912661
0.93049
0.916021
0.924548
0.912145
0.922738
0.927649
0.90956
0.91292
0.928682
0.932816
0.935401
0.955814
0.96279
0.944961
0.96124
0.965116
0.969509
0.946511
0.947804
0.964599
0.966666
0.967183
0.970542
0.97416
0.969509
0.962273
0.952713
0.937726
0.912145
0.912145
0.904134
0.806201
0.798191
0.799225
0.790439
0.749354
0.766666
0.771318
0.743928
0.742118
0.737726
0.75478
0.764083
0.764341
0.786304
0.802583
0.825064
0.81938
0.812661
0.819897
0.831266
0.836951
0.840052
0.84987
0.845736
0.847545
0.843928
0.850645
0.84031
0.837209
0.833333
0.834108
0.829715
0.822222
0.80801
0.809819
0.812661
0.824806
0.828165
0.8323
0.842377
0.819897
0.814728
0.824548
0.821188
0.829199
0.814211
0.812661
0.818087
0.796382
0.803618
0.854263
0.836434
0.838759
0.835401
0.837984
0.840827
0.853488
0.849354
0.83049
0.835917
0.85168
0.855814
0.879845
0.892248
0.903618
0.886304
0.863824
0.857364
0.871059
0.882687
0.871318
0.883463
0.891473
0.888114
0.896899
0.912145
0.891731
0.892506
0.874935
0.87416
0.862273
0.864599
0.878036
0.869767
0.870801
0.862273
0.875711
0.870284
0.884238
0.86925
0.877002
0.896382
0.896124
0.897157
0.898191
0.893798
0.900258
0.875452
0.87261
0.842635
0.947804
0.795866
0.775452
0.797416
0.788889
0.799483
0.796899
0.757364
0.789147
0.813178
0.845736
0.798191
0.764341
0.724031
0.691731
0.675452
0.668734
0.681137
0.67416
0.649612
0.658915
0.65323
0.645994
0.648579
0.639018
0.654263
0.658915
0.671318
0.693798
0.684754
0.687339
0.690439
0.670542
0.690439
0.679845
0.68863
0.685788
0.667959
0.684496
0.684238
0.607494
0.610077
0.589147
0.570025
0.567959
0.580362
0.577519
0.578811
0.595349
0.606718
0.617571
0.627907
0.630749
0.648579
0.660982
0.649612
0.630749
0.611111
0.600775
0.590698
0.596899
0.583204
0.565374
0.570284
0.56124
0.560982
0.564341
0.564083
0.570801
0.590956
0.570025
0.573385
0.570025
0.576486
0.556072
0.577777
0.568992
0.568475
0.600258
0.587597
0.571835
0.56925
0.567959
0.567442
0.563824
0.59018
0.570025
0.575969
0.595349
0.581137
0.589922
0.592765
0.588114
0.619897
0.627907
0.639535
0.643669
0.625581
0.630749
0.624548
0.607494
0.507235
0.455814
0.440827
0.439277
0.471318
0.513695
0.508785
0.488889
0.491731
0.49199
0.47261
0.450646
0.420672
0.409819
0.38863
0.375452
0.382946
0.370026
0.37416
0.355297
0.348062
0.327649
0.324548
0.322481
0.350646
0.346253
0.345478
0.355556
0.354005
0.387339
0.385013
0.417829
0.403101
0.38062
0.370543
0.387339
0.39354
0.391215
0.393023
0.407752
0.405168
0.404909
0.394574
0.400775
0.421963
0.427907
0.473126
0.464341
0.489922
0.468734
0.456331
0.497416
0.475711
0.503876
0.506977
0.507235
0.473643
0.486305
0.474936
0.485788
0.465891
0.47261
0.481395
0.478811
0.489147
0.51938
0.532816
0.549612
0.52248
0.527132
0.514729
0.542894
0.558915
0.578294
0.573126
0.571576
0.587855
0.552713
0.584496
0.544703
0.547029
0.555556
0.576486
0.549095
0.562532
0.568217
0.555556
0.558139
0.563308
0.565116
0.57261
0.576744
0.57106
0.583979
0.582429
0.572868
0.562791
0.512403
0.449612
0.459432
0.457364
0.466149
0.455814
0.459432
0.462791
0.460982
0.462015
0.44987
0.461757
0.433333
0.450387
0.448837
0.455039
0.44987
0.422222
0.421188
0.432558
0.458398
0.440568
0.439793
0.445219
0.439018
0.44186
0.458398
0.460982
0.46124
0.466667
0.46925
0.452196
0.452455
0.452713
0.476227
0.460207
0.452713
0.454522
0.445736
0.434367
0.439277
0.42894
0.441343
0.438243
0.450387
0.468217
0.436951
0.443153
0.474936
0.497674
0.502584
0.469509
0.483721
0.477777
0.481653
0.485013
0.484496
0.499742
0.510594
0.505426
0.511628
0.514211
0.516537
0.515762
0.528424
0.532558
0.542118
0.376227
0.402325
0.424548
0.443153
0.417054
0.417829
0.439793
0.440052
0.449095
0.444961
0.451163
0.472868
0.485271
0.468217
0.466149
0.470025
0.45323
0.474677
0.485271
0.476744
0.498966
0.494056
0.49018
0.462791
0.510594
0.480878
0.499483
0.520155
0.500517
0.473126
0.468475
0.474418
0.458398
0.426615
0.452713
0.460982
0.426615
0.393281
0.367184
0.343153
0.321188
0.283979
0.287339
0.341085
0.323256
0.278294
0.310853
0.304909
0.312661
0.294315
0.280103
0.262274
0.252196
0.230491
0.299742
0.297674
0.307494
0.354005
0.352971
0.357106
0.312145
0.348579
0.361757
0.361757
0.362274
0.363308
0.387339
0.381137
0.398191
0.400258
0.368992
0.347029
0.366925
0.387855
0.379587
0.403101
0.405684
0.357106
0.402325
0.372351
0.353746
0.379845
0.387597
0.383463
0.385271
0.353488
0.374936
0.362274
0.382429
0.38217
0.383721
0.375452
0.368475
0.368217
0.384238
0.382946
0.394574
0.395866
0.410853
0.415246
0.419897
0.429715
0.431783
0.445736
0.42093
0.431008
0.439018
0.435142
0.463566
0.458656
0.437726
0.45969
0.443928
0.44186
0.445219
0.443928
0.446253
0.44832
0.439018
0.457881
0.445736
0.441343
0.441602
0.454522
0.450129
0.434625
0.439018
0.444703
0.439535
0.419638
0.413695
0.410853
0.413436
0.413436
0.421963
0.413436
0.459948
0.461498
0.459173
0.452971
0.459948
0.44832
0.465116
0.494574
0.482946
0.468475
0.485788
0.48217
0.470284
0.483721
0.487855
0.478036
0.462273
0.48062
0.463049
0.472093
0.482946
0.481912
0.477519
0.484496
0.491473
0.494832
0.509819
0.504393
0.489147
0.508527
0.525064
0.516279
0.510594
0.512403
0.517312
0.505168
0.477519
0.465116
0.461757
0.453746
0.448062
0.444703
0.449354
0.456589
0.446253
0.435659
0.44186
0.434625
0.369509
0.362791
0.365116
0.357622
0.361757
0.351163
0.359432
0.356589
0.375452
0.376486
0.383463
0.386563
0.391473
0.400517
0.385788
0.386305
0.385271
0.399225
0.404651
0.40801
0.405684
0.400775
0.392248
0.392506
0.390698
0.390956
0.387339
0.373385
0.364083
0.374677
0.365116
0.357364
0.343153
0.345736
0.350387
0.356589
0.359432
0.356331
0.360723
0.366408
0.357622
0.351421
0.348837
0.347029
0.345994
0.347804
0.341085
0.341602
0.34987
0.35168
0.358656
0.358398
0.359173
0.364341
0.380103
0.385013
0.38708
0.397157
0.400775
0.400517
0.389405
0.388372
0.39199
0.391731
0.358398
0.3677
0.37106
0.3677
0.368217
0.36925
0.361757
0.351938
0.356072
0.356847
0.355297
0.360723
0.356847
0.36124
0.360207
0.360982
0.356072
0.350387
0.353488
0.353746
0.355297
0.357106
0.352455
0.359173
0.364858
0.368734
0.383721
0.398449
0.400775
0.402067
0.40956
0.41292
0.41137
0.406201
0.400258
0.391731
0.397674
0.400258
0.390956
0.376744
0.371835
0.374677
0.381653
0.404651
0.429715
0.444186
0.441085
0.450905
0.464341
0.457106
0.445736
0.448837
0.440568
0.438243
0.446512
0.439793
0.438243
0.434367
0.417312
0.424289
0.415762
0.417829
0.420155
0.413953
0.421705
0.417312
0.42739
0.435917
0.445219
0.437467
0.446512
0.463308
0.462532
0.454263
0.443411
0.44186
0.454263
0.449095
0.442636
0.427649
0.425839
0.436176
0.426098
0.417312
0.428165
0.434108
0.431266
0.426356
0.426874
0.426098
0.435917
0.441602
0.439535
0.432558
0.428424
0.443153
0.44832
0.458915
0.460207
0.448837
0.458398
0.455556
0.443153
0.452971
0.44186
0.428682
0.422739
0.424548
0.423514
0.423514
0.430232
0.433075
0.426615
0.436434
0.42894
0.422739
0.421188
0.424548
0.421447
0.42894
0.419897
0.413695
0.413953
0.410336
0.410077
0.402325
0.407235
0.399483
