0.495624
0.498007
0.500128
0.502029
0.503749
0.505323
0.506784
0.508159
0.509475
0.510754
0.512018
0.513288
0.514581
0.515917
0.517313
0.518784
0.52035
0.522027
0.523832
0.525785
0.527904
0.530212
0.53273
0.535483
0.538496
0.541799
0.545421
0.549399
0.553767
0.558567
0.563843
0.569643
0.576019
0.583028
0.59073
0.599189
0.608474
0.618655
0.629807
0.642002
0.655311
0.6698
0.685524
0.702522
0.720809
0.740369
0.761137
0.782993
0.805741
0.829098
0.852679
0.875987
0.898412
0.919242
0.937689
0.952927
0.964158
0.97068
0.971957
0.967689
0.957845
0.942682
0.922716
0.898671
0.87141
0.841853
0.810912
0.779425
0.748127
0.717618
0.688365
0.660706
0.634863
0.610957
0.589029
0.569058
0.550975
0.534674
0.520029
0.5069
0.49514
0.484598
0.475129
0.466591
0.458848
0.451775
0.445252
0.43917
0.433428
0.427931
0.422595
0.417341
0.412096
0.406793
0.40137
0.39577
0.38994
0.383829
0.377392
0.370586
0.36337
0.355708
0.347568
0.338924
0.329753
0.32004
0.309779
0.298976
0.287645
0.275821
0.263552
0.25091
0.237991
0.224914
0.211828
0.198913
0.186373
0.174442
0.163372
0.153429
0.144883
0.137993
0.132997
0.130092
0.129425
0.13108
0.135068
0.141329
0.14973
0.160073
0.17211
0.185553
0.200093
0.215414
0.231205
0.247177
0.263067
0.278645
0.293718
0.30813
0.32176
0.334521
0.346352
0.357223
0.36712
0.37605
0.38403
0.391091
0.397269
0.402603
0.407138
0.410916
0.41398
0.416371
0.418126
0.41928
0.419864
0.419903
0.41942
0.418431
0.416949
0.414984
0.412538
0.409612
0.406201
0.402298
0.397891
0.392966
0.387503
0.381485
0.374887
0.367687
0.359861
0.351386
0.342239
0.332404
0.321867
0.310623
0.298679
0.286054
0.272785
0.25893
0.244575
0.229833
0.214855
0.199828
0.184976
0.170567
0.156899
0.144304
0.133129
0.123723
0.11642
0.111518
0.109257
0.109797
0.113211
0.119466
0.128433
0.13989
0.153534
0.169008
0.185917
0.203855
0.222421
0.241243
0.259985
0.278355
0.296114
0.31307
0.329081
0.344048
0.357907
0.370632
0.38222
0.39269
0.402078
0.41043
0.417801
0.424251
0.429842
0.434635
0.43869
0.442065
0.444813
0.446984
0.448621
0.449764
0.450447
0.4507
0.450547
0.450006
0.449094
0.447819
0.446186
0.444199
0.441852
0.439141
0.436052
0.432573
0.428684
0.424364
0.419587
0.414323
0.408541
0.402205
0.395277
0.387716
0.379479
0.370523
0.360805
0.350283
0.338919
0.326679
0.313541
0.299493
0.284545
0.268726
0.252097
0.234757
0.216847
0.198563
0.180157
0.161947
0.14431
0.127682
0.112545
0.0994095
0.0887831
0.0811408
0.0768867
0.0763188
0.0795985
0.0867325
0.0975673
0.1118
0.129002
0.148654
0.170184
0.193005
0.216553
0.240308
0.263817
0.286701
0.308661
0.329472
0.348979
0.367087
0.383754
0.398979
0.412793
0.425251
0.436429
0.446412
0.455291
0.463164
0.470125
0.476268
0.481684
0.486457
0.490667
0.494388
0.497688
0.500631
0.503271
0.50566
0.507847
0.509871
0.511772
0.513585
0.515341
0.517069
0.518797
0.520551
0.522354
0.524231
0.526203
0.528294
0.530526
0.532923
0.53551
0.538311
0.541354
0.544666
0.548279
0.552225
0.556541
0.561263
0.566434
0.572098
0.578304
0.585103
0.592551
0.600705
0.609629
0.619385
0.630039
0.641657
0.6543
0.668027
0.682886
0.69891
0.716112
0.734478
0.753951
0.774426
0.795736
0.817638
0.839801
0.861801
0.883113
0.903124
0.921147
0.936453
0.948321
0.956093
0.959235
0.957398
0.950456
0.938531
0.92198
0.901369
0.877412
0.85091
0.822689
0.793539
0.764177
0.735215
0.707149
0.68036
0.655115
0.631587
0.609864
0.589968
0.571868
0.555493
0.540744
0.527504
0.515645
0.505032
0.495531
0.48701
0.47934
0.472401
0.466077
0.460263
0.454859
0.449775
0.444924
0.44023
0.435621
0.431029
0.426392
0.421654
0.416758
0.411654
0.406292
0.400624
0.394604
0.38819
0.381337
0.374005
0.366154
0.357747
0.348751
0.339137
0.32888
0.317964
0.306384
0.294146
0.281272
0.267805
0.253809
0.239377
0.224635
0.209743
0.194898
0.180338
0.166336
0.153198
0.141256
0.130852
0.122323
0.115986
0.11211
0.110902
0.112489
0.1169
0.124071
0.133839
0.145955
0.160102
0.175913
0.192996
0.210952
0.229397
0.247977
0.266376
0.284325
0.301604
0.318041
0.33351
0.347926
0.361239
0.373428
0.384499
0.394474
0.403393
0.411304
0.418261
0.424323
0.429551
0.434005
0.437741
0.440815
0.443278
0.445175
0.446548
0.447434
0.447864
0.447864
0.447455
0.446655
0.445476
0.443924
0.442002
0.43971
0.437041
0.433986
0.430532
0.426662
0.422355
0.417586
0.412328
0.406548
0.400215
0.393289
0.385733
0.377505
0.368563
0.358867
0.348376
0.337055
0.324875
0.311814
0.297867
0.283044
0.26738
0.250938
0.233821
0.216173
0.19819
0.180126
0.162292
0.145062
0.128862
0.114162
0.101455
0.0912307
0.0839433
0.0799769
0.0796113
0.0829945
0.0901251
0.100848
0.114867
0.131764
0.151036
0.17213
0.194478
0.217534
0.240794
0.263819
0.286241
0.307767
0.328177
0.347317
0.365093
0.381462
0.396419
0.409992
0.422235
0.433218
0.443022
0.451736
0.459453
0.466264
0.47226
0.477528
0.482151
0.486205
0.489762
0.492887
0.495641
0.498078
0.500247
0.502192
0.503953
0.505566
0.507063
0.508472
0.509822
0.511134
0.512432
0.513736
0.515065
0.516437
0.517871
0.519384
0.520993
0.522716
0.524571
0.526578
0.528757
0.531129
0.533716
0.536544
0.53964
0.543033
0.546754
0.550838
0.555323
0.560251
0.565667
0.571618
0.578159
0.585347
0.593242
0.60191
0.61142
0.621843
0.633252
0.645718
0.659311
0.674093
0.690116
0.707411
0.725986
0.745812
0.766809
0.78884
0.811687
0.835041
0.858491
0.881513
0.903473
0.92364
0.941219
0.955394
0.96539
0.97055
0.970398
0.964703
0.953512
0.937147
0.916178
0.891367
0.863589
0.833761
0.802774
0.771437
0.740445
0.710363
0.681623
0.654529
0.629277
0.605967
0.584624
0.565213
0.547656
0.531844
0.517647
0.504924
0.493527
0.483309
0.474124
0.465834
0.458307
0.451418
0.445051
0.4391
0.433466
0.428057
0.42279
0.417588
0.41238
0.407101
0.401689
0.39609
0.390249
0.384118
0.377651
0.370805
0.363541
0.355823
0.347618
0.338899
0.329645
0.31984
0.309479
0.298567
0.28712
0.275172
0.262774
0.249999
0.236944
0.223733
0.210518
0.197481
0.184834
0.172814
0.161679
0.1517
0.143153
0.136301
0.131383
0.128599
0.128094
0.129949
0.13417
0.140689
0.149366
0.159995
0.172319
0.186041
0.200845
0.21641
0.232421
0.248587
0.264642
0.280359
0.295544
0.310044
0.323739
0.336546
0.348407
0.359294
0.369196
0.378122
0.386094
0.393141
0.399303
0.404622
0.409141
0.412905
0.415959
0.418342
0.420095
0.421251
0.421842
0.421893
0.421427
0.420462
0.41901
0.41708
0.414676
0.411798
0.408441
0.404598
0.400257
0.395402
0.390015
0.384076
0.377562
0.370449
0.362711
0.354324
0.345264
0.335511
0.32505
0.313872
0.30198
0.289388
0.276128
0.262252
0.247839
0.232997
0.217867
0.202631
0.187508
0.172759
0.158685
0.145615
0.133902
0.123906
0.115975
0.110425
0.107517
0.107437
0.110278
0.116033
0.124589
0.135736
0.149181
0.164567
0.181493
0.199545
0.218312
0.237404
0.256471
0.275207
0.293358
0.310722
0.327143
0.342516
0.356772
0.369878
0.381828
0.392641
0.40235
0.411003
0.418656
0.425369
0.431207
0.436232
0.440508
0.444094
0.447045
0.449414
0.451246
0.452584
0.453464
0.453918
0.453972
0.453647
0.45296
0.451924
0.450546
0.448828
0.446772
0.444371
0.441617
0.438498
0.434997
0.431095
0.426769
0.421991
0.416731
0.410955
0.404626
0.397705
0.390149
0.381913
0.372953
0.363222
0.352675
0.341271
0.328974
0.315757
0.301605
0.286521
0.270531
0.25369
0.236093
0.217878
0.199238
0.180426
0.16176
0.143624
0.126466
0.110782
0.0971
0.0859532
0.0778415
0.0731951
0.0723355
0.0754435
0.0825372
0.0934668
0.107924
0.125468
0.145559
0.167604
0.190992
0.215135
0.239492
0.263594
0.287048
0.309545
0.330855
0.35082
0.369344
0.386387
0.401949
0.416065
0.428797
0.440222
0.450431
0.45952
0.46759
0.47474
0.481067
0.486667
0.491626
0.496029
0.499952
0.503467
0.506638
0.509525
0.512182
0.514659
0.517001
0.519249
0.52144
0.523611
0.525793
0.528018
0.530315
0.532714
0.535241
0.537925
0.540794
0.543878
0.547205
0.550808
0.554719
0.558972
0.563606
0.56866
0.574175
0.580197
0.586775
0.593959
0.601802
0.610362
0.619696
0.629864
0.640923
0.65293
0.665937
0.679986
0.695109
0.711316
0.728595
0.746899
0.766139
0.78617
0.806784
0.827699
0.84855
0.868887
0.888177
0.905818
0.921167
0.933568
0.942408
0.947161
0.947446
0.943064
0.934028
0.920564
0.903095
0.882203
0.858572
0.832942
0.806046
0.778576
0.751142
0.724261
0.698346
0.673707
0.650559
0.629037
0.609204
0.591066
0.574587
0.559696
0.5463
0.534291
0.52355
0.513956
0.505387
0.497724
0.490851
0.484659
0.479045
0.473915
0.469179
0.464756
0.460568
0.456548
0.45263
0.448754
0.444865
0.440911
0.436841
0.432609
0.428168
0.423476
0.418486
0.413157
0.407446
0.401308
0.3947
0.387579
0.379902
0.371625
0.362707
0.353109
0.342794
0.331732
0.3199
0.307286
0.293891
0.279734
0.264859
0.249335
0.233268
0.216801
0.200124
0.183475
0.16714
0.151458
0.136808
0.1236
0.112259
0.103202
0.0968116
0.0934071
0.0932182
0.0963633
0.102836
0.112502
0.125109
0.140302
0.157653
0.176687
0.196914
0.217855
0.239064
0.260147
0.280764
0.300641
0.319566
0.337385
0.353994
0.369339
0.383398
0.396185
0.407734
0.418097
0.427338
0.435532
0.442753
0.449081
0.454593
0.459364
0.463464
0.466962
0.469918
0.472388
0.474424
0.476071
0.477369
0.478353
0.479054
0.479497
0.479705
0.479695
0.479481
