0.969025
1.00067
1.03897
1.07731
1.10883
1.12964
1.13979
1.14189
1.13935
1.13535
1.13237
1.132
1.13491
1.14085
1.14868
1.15651
1.16173
1.16094
1.15028
1.12689
1.09102
1.04641
0.998044
0.950125
0.90537
0.86515
0.829779
0.798781
0.771159
0.745701
0.721303
0.697242
0.673346
0.650064
0.628532
0.610702
0.599528
0.59887
0.612636
0.642945
0.688366
0.74407
0.80402
0.863196
0.918417
0.968064
1.01148
1.0485
1.07914
1.10357
1.12207
1.13516
1.14368
1.14892
1.15276
1.15763
1.16615
1.1803
1.20014
1.22274
1.24212
1.25125
1.2454
1.22389
1.18934
1.14567
1.09676
1.04578
0.995083
0.946305
0.900419
0.857778
0.818087
0.780432
0.743516
0.70619
0.668085
0.629911
0.593228
0.560003
0.532385
0.512797
0.504075
0.509323
0.531109
0.570039
0.623624
0.686672
0.753126
0.81786
0.877371
0.929562
0.973234
1.00777
1.03306
1.04955
1.05824
1.06058
1.05843
1.054
1.04991
1.04905
1.05427
1.06773
1.08996
1.11895
1.14958
1.17452
1.18721
1.18494
1.16921
1.14393
1.11346
1.08149
1.05083
1.02329
0.999751
0.980117
0.963238
0.946974
0.928502
0.905023
0.874849
0.838371
0.798053
0.757385
0.71979
0.688183
0.66496
0.651958
0.650222
0.659693
0.679115
0.706345
0.738984
0.775012
0.813219
0.853295
0.895509
0.939871
0.985138
1.02863
1.06736
1.09937
1.12428
1.14302
1.15731
1.16924
1.18087
1.19384
1.20912
1.22678
1.24592
1.26473
1.28049
1.28967
1.28819
1.27266
1.24215
1.19899
1.14743
1.0917
1.03501
0.979386
0.925832
0.874615
0.825523
0.778147
0.732126
0.687328
0.643919
0.602336
0.563237
0.527508
0.496352
0.471466
0.455242
0.450871
0.461991
0.491458
0.539414
0.602085
0.672747
0.744188
0.810668
0.868547
0.916023
0.952611
0.978684
0.995146
1.00322
1.00434
1.00018
0.992662
0.984099
0.977258
0.975258
0.981138
0.997053
1.0233
1.0574
1.0937
1.12481
1.14495
1.15243
1.14924
1.13903
1.12554
1.11192
1.10045
1.09249
1.08843
1.08762
1.08839
1.08815
1.08354
1.07088
1.04742
1.013
0.970627
0.924913
0.880157
0.839465
0.804737
0.776835
0.755708
0.740523
0.729874
0.722122
0.715788
0.709946
0.704523
0.700517
0.700132
0.706735
0.72418
0.755025
0.798406
0.84981
0.903409
0.954618
1.001
1.04186
1.07749
1.10856
1.13572
1.15952
1.18032
1.19843
1.2142
1.22821
1.24135
1.25486
1.26981
1.28589
1.30007
1.30663
1.29992
1.27758
1.24106
1.19384
1.13961
1.0815
1.02187
0.962432
0.904366
0.848463
0.79519
0.744727
0.697009
0.651797
0.608856
0.568216
0.530361
0.496231
0.467154
0.444899
0.431905
0.43145
0.447367
0.482682
0.53721
0.605968
0.68061
0.75294
0.817336
0.871018
0.91321
0.944244
0.964999
0.976633
0.980498
0.978121
0.971222
0.961785
0.952174
0.945227
0.944167
0.952105
0.97107
1.00085
1.03807
1.07641
1.10878
1.13064
1.14138
1.14329
1.13976
1.13411
1.12902
1.12634
1.12696
1.13087
1.13712
1.14394
1.14876
1.14822
1.13845
1.11639
1.08189
1.03829
0.990517
0.942918
0.898425
0.858629
0.824035
0.794304
0.768493
0.745347
0.723621
0.702391
0.681281
0.66059
0.641372
0.625569
0.616168
0.617082
0.632234
0.663636
0.70963
0.765188
0.824261
0.882003
0.935495
0.983386
1.02525
1.06109
1.09106
1.11534
1.13421
1.14813
1.15783
1.16453
1.16999
1.17654
1.18664
1.20193
1.22191
1.24287
1.25833
1.26173
1.24952
1.22218
1.18284
1.13546
1.08365
1.03029
0.97751
0.926741
0.878831
0.834063
0.79215
0.752281
0.713378
0.674596
0.635848
0.597976
0.56249
0.531229
0.506281
0.490136
0.485826
0.496631
0.525012
0.5709
0.630657
0.698022
0.766433
0.830829
0.888083
0.936562
0.975548
1.00491
1.02501
1.03667
1.04114
1.04003
1.03531
1.0293
1.02474
1.02464
1.03184
1.04826
1.07385
1.10565
1.13761
1.16221
1.17393
1.17152
1.15738
1.13555
1.11008
1.08429
1.0606
1.04049
1.02447
1.01205
1.00161
0.990562
0.975699
0.953988
0.923869
0.886298
0.844463
0.802343
0.763509
0.730747
0.706084
0.690788
0.685237
0.688819
0.700036
0.716896
0.737442
0.760278
0.784964
0.812188
0.843545
0.880601
0.923336
0.969187
1.01406
1.05442
1.08854
1.11642
1.1392
1.1585
1.17598
1.19297
1.21029
1.22822
1.24655
1.2647
1.28179
1.29642
1.30618
1.30727
1.29545
1.26852
1.22798
1.17776
1.12203
1.06404
1.00588
0.948707
0.893067
0.839163
0.787076
0.73689
0.688743
0.642827
0.599394
0.558787
0.521542
0.48852
0.461054
0.441104
0.431417
0.435491
0.4569
0.497626
0.556033
0.626314
0.700438
0.771049
0.833178
0.884351
0.923921
0.952331
0.970596
0.980006
0.982012
0.97821
0.9704
0.960686
0.951592
0.946092
0.947388
0.958285
0.980239
1.0123
1.05033
1.08753
1.11712
1.13549
1.14301
1.14252
1.13754
1.1313
1.12625
1.12401
1.12522
1.12958
1.13589
1.14211
1.14546
1.14241
1.12919
1.10338
1.06587
1.02066
0.972719
0.92602
0.883109
0.84525
0.812681
0.784856
0.760692
0.738873
0.718186
0.69782
0.677571
0.657946
0.640256
0.626755
0.620762
0.626352
0.647063
0.683799
0.733579
0.790711
0.849394
0.905477
0.956704
1.00216
1.04167
1.07532
1.10331
1.12584
1.14324
1.15601
1.165
1.17156
1.17763
1.18558
1.19769
1.21491
1.23553
1.25458
1.2652
1.26177
1.24248
1.20916
1.16546
1.11524
1.06184
1.00779
0.95492
0.904417
0.856913
0.812496
0.77071
0.730666
0.691375
0.652279
0.613661
0.576627
0.542793
0.514041
0.492576
0.481109
0.482891
0.501126
0.537519
0.590552
0.655133
0.724376
0.792039
0.853813
0.907288
0.951346
0.985637
1.01033
1.02606
1.03388
1.03522
1.03183
1.02582
1.01969
1.01632
1.01878
1.02966
1.05023
1.07933
1.11265
1.14318
1.16382
1.17076
1.16448
1.14828
1.12627
1.10219
1.07896
1.0586
1.04216
1.02971
1.02025
1.01171
1.00112
0.985124
0.960987
0.927999
0.888163
0.84529
0.803402
0.765812
0.734964
0.712502
0.699235
0.695048
0.698902
0.709071
0.723586
0.740758
0.759647
0.780396
0.804338
0.833617
0.869997
0.913112
0.959781
1.00552
1.04677
1.08194
1.11111
1.13543
1.1564
1.17549
1.19381
1.212
1.23027
1.24849
1.26631
1.2832
1.29816
1.30909
1.31226
1.30305
1.27872
1.24027
1.1914
1.13627
1.07822
1.01944
0.96125
0.904342
0.849089
0.795712
0.744387
0.695281
0.64856
0.604405
0.563074
0.525008
0.490973
0.462177
0.440407
0.428192
0.428866
0.446127
0.482619
0.537776
0.606617
0.681139
0.7534
0.817749
0.871247
0.913005
0.943369
0.963317
0.974127
0.977232
0.974201
0.966784
0.957002
0.947267
0.940451
0.939752
0.94818
0.967635
0.997831
1.0354
1.07399
1.10657
1.12864
1.13975
1.14227
1.13962
1.13507
1.13123
1.12985
1.13176
1.13683
1.14406
1.15165
1.15705
1.15696
1.14754
1.12569
1.09123
1.04751
0.999488
0.95154
0.906577
0.866142
0.830686
0.799826
0.77261
0.747811
0.724257
0.701121
0.678119
0.655603
0.634626
0.617064
0.605791
0.604632
0.617558
0.646883
0.691419
0.746474
0.806004
0.864909
0.919951
0.9695
1.01292
1.05008
1.08102
1.10591
1.12501
1.1388
1.14806
1.15401
1.15843
1.16368
1.17236
1.18644
1.206
1.22812
1.24684
1.25517
1.24847
1.22614
1.19079
1.14636
1.09666
1.04486
0.993279
0.943548
0.896646
0.852949
0.812217
0.773614
0.73593
0.698085
0.659732
0.621552
0.585039
0.552091
0.524809
0.505599
0.497323
0.503154
0.525746
0.565742
0.620553
0.684762
0.752077
0.817224
0.876665
0.928351
0.971189
1.00469
1.02888
1.04431
1.05203
1.05353
1.05067
1.04567
1.04117
1.04007
1.04528
1.05896
1.08165
1.11128
1.14262
1.1683
1.18183
1.18064
1.16632
1.14276
1.11423
1.08438
1.05594
1.03071
1.00951
0.992192
0.977537
0.963314
0.946584
0.924404
0.894966
0.858644
0.818018
0.77674
0.738347
0.705779
0.681362
0.666793
0.662952
0.66966
0.685644
0.708855
0.737053
0.7684
0.801895
0.837522
0.875995
0.917914
0.962546
1.00729
1.04872
1.08423
1.11286
1.13515
1.15261
1.16717
1.18075
1.19493
1.21068
1.22817
1.24685
1.26544
1.28198
1.29377
1.29721
1.28835
1.26466
1.22684
1.17846
1.12389
1.06682
1.00974
0.954054
0.900344
0.848661
0.798802
0.750548
0.703819
0.658734
0.615606
0.574909
0.537295
0.50368
0.475401
0.454408
0.443437
0.445968
0.465548
0.504147
0.560257
0.628447
0.701205
0.771534
0.834475
0.887295
0.928987
0.959682
0.980173
0.991625
0.995419
0.993116
0.986489
0.977624
0.969026
0.963646
0.964663
0.974872
0.995767
1.02653
1.06326
1.09921
1.12735
1.14367
1.14835
1.14427
1.13514
1.12437
1.11465
1.10776
1.10456
1.10489
1.10764
1.11073
1.11125
1.10565
1.09029
1.06309
1.02512
0.98039
0.933684
0.88892
0.84867
0.814297
0.786166
0.763801
0.746086
0.731549
0.718717
0.706482
0.694406
0.682911
0.673435
0.668551
0.671918
0.687545
0.717911
0.761912
0.814809
0.870611
0.924557
0.973984
1.01793
1.0564
1.0898
1.11859
1.14316
1.16382
1.18087
1.19477
1.2063
1.21671
1.22771
1.24105
1.25744
1.27499
1.28866
1.29191
1.28024
1.25308
1.213
1.1637
1.10876
1.0511
0.992907
0.935731
0.880621
0.828197
0.778691
0.731976
0.687632
0.645156
0.604297
0.565353
0.529204
0.497149
0.470837
0.452406
0.444712
0.451329
0.475784
0.519659
0.580457
0.651495
0.724557
0.792902
0.852471
0.901485
0.939594
0.967203
0.985139
0.994516
0.996692
0.993253
0.986034
0.9772
0.969342
0.9655
0.968874
0.982099
1.00616
1.0393
1.07648
1.11049
1.13502
1.14744
1.1489
1.14262
1.13227
1.12107
1.11146
1.10498
1.10222
1.10279
1.10532
1.1075
1.10617
1.09761
1.07842
1.04743
1.00682
0.961053
0.914725
0.871304
0.832967
0.800781
0.774874
0.754591
0.738693
0.725672
0.714104
0.703015
0.692164
0.682241
0.675027
0.673492
0.681554
0.702913
0.738891
0.786883
0.84135
0.896562
0.948562
0.995445
1.03675
1.07274
1.10392
1.13078
1.1537
1.17298
1.18897
1.2022
1.21356
1.22444
1.23657
1.25136
1.26852
1.28477
1.29404
1.29036
1.27102
1.23716
1.1921
1.1396
1.08293
1.02461
0.966513
0.909916
0.85566
0.804193
0.755603
0.709657
0.665905
0.623945
0.583763
0.545916
0.51147
0.481858
0.458908
0.44505
0.443499
0.457978
0.491442
0.543831
0.610548
0.683731
0.755483
0.820216
0.875007
0.91885
0.951839
0.974632
0.988227
0.993872
0.99304
0.987429
0.97901
0.970133
0.963602
0.962593
0.970177
0.988391
1.0171
1.05308
1.09002
1.1207
1.1403
1.14806
1.14628
1.13852
1.12827
1.11841
1.11095
1.10698
1.10663
1.10904
1.11241
1.11407
1.11054
1.09805
1.0739
1.03832
0.994755
0.948011
0.902277
0.860437
0.824134
0.793973
0.769691
0.750333
0.734517
0.720761
0.707854
0.695167
0.682878
0.672136
0.665203
0.665492
0.677074
0.703104
0.743625
0.794766
0.85058
0.905755
0.956987
1.00286
1.04313
1.07813
1.1083
1.13405
1.15571
1.17358
1.18806
1.19985
1.21007
1.22038
1.23265
1.24814
1.26596
1.28204
1.28995
1.28409
1.26249
1.22684
1.18064
1.12762
1.07097
1.01311
0.955816
0.900306
0.847334
0.79725
0.750024
0.705287
0.662495
0.621248
0.581642
0.544394
0.510709
0.482135
0.46063
0.448783
0.449938
0.467756
0.504716
0.559887
0.627919
0.700846
0.771255
0.834171
0.8871
0.929243
0.960749
0.982279
0.994821
0.999638
0.998228
0.992335
0.983999
0.975656
0.970198
0.970813
0.980424
1.0007
1.03093
1.06721
1.10279
1.13062
1.14662
1.15078
1.14586
1.13554
1.12328
1.11185
1.10314
1.09808
1.09667
1.09786
1.09965
1.09916
1.09277
1.07687
1.0494
1.01146
0.96699
0.9207
0.876464
0.836877
0.803379
0.776431
0.755644
0.739952
0.727875
0.717871
0.708723
0.699864
0.69163
0.685436
0.683908
0.690746
0.709812
0.743109
0.788887
0.842043
0.896729
0.948632
0.995565
1.03694
1.07301
1.10435
1.13154
1.15501
1.1751
1.19212
1.20653
1.21904
1.23083
1.24342
1.25814
1.27484
1.29045
1.29913
1.29495
1.27514
1.24082
1.19533
1.1424
1.08527
1.02645
0.967739
0.910425
0.85534
0.802958
0.753426
0.706594
0.662109
0.619632
0.579143
0.541142
0.506623
0.476955
0.453915
0.439897
0.4381
0.452286
0.485529
0.537932
0.604971
0.678674
0.750937
0.816007
0.870894
0.914611
0.947312
0.969732
0.982923
0.988171
0.986961
0.98099
0.97222
0.962984
0.956076
0.954679
0.961906
0.979872
1.00855
1.04481
1.08247
1.11432
1.13547
1.14502
1.14518
1.13942
1.13116
1.12325
1.11767
1.11549
1.11682
1.12081
1.1257
1.1289
1.12702
1.11622
1.09355
1.05892
1.01561
0.96847
0.921813
0.878615
0.840549
0.808219
0.781359
0.759041
0.739937
0.722655
0.706081
0.689659
0.673582
0.658917
0.647748
0.643275
0.649549
0.670223
0.706426
0.755354
0.81136
0.868635
0.923078
0.972568
1.01638
1.05454
1.08731
1.11501
1.13793
1.15635
1.17068
1.18162
1.19032
1.19847
1.20823
1.22155
1.23897
1.25817
1.27366
1.27871
1.26877
1.24327
1.20476
1.15703
1.10373
1.04786
0.991676
0.936783
0.884223
0.834554
0.787871
0.743825
0.701734
0.660884
0.620973
0.582415
0.546289
0.51409
0.487622
0.469123
0.461477
0.468159
0.492422
0.535494
0.594754
0.663861
0.735215
0.802572
0.862056
0.911812
0.951264
0.980549
1.00026
1.01136
1.01512
1.0131
1.00716
0.999489
0.992697
0.9898
0.993906
1.00749
1.03136
1.06358
1.09897
1.13019
1.15089
1.15856
1.15457
1.1424
1.12592
1.10851
1.09271
1.08017
1.07158
1.0666
1.06385
1.06094
1.05462
1.04127
1.01804
0.984486
0.943192
0.898507
0.854674
0.814922
0.78139
0.755246
0.736761
0.725352
0.719736
0.71822
0.719123
0.721202
0.724043
0.728354
0.736126
0.750495
0.774835
0.810818
0.856592
0.907277
0.957548
1.00377
1.04445
1.07959
1.10998
1.13662
1.16037
1.18188
1.20153
1.21961
1.23638
1.25221
1.26766
1.2832
1.29844
1.3109
1.31556
1.30704
1.28299
1.24493
1.19649
1.14145
1.08284
1.02287
0.963047
0.904414
0.847667
0.793258
0.741439
0.6923
0.64581
0.601912
0.5607
0.522588
0.488403
0.45938
0.437244
0.42441
0.424144
0.440272
0.47584
0.530733
0.600019
0.675285
0.74815
0.812813
0.866412
0.908188
0.938563
0.958532
0.969352
0.97244
0.969355
0.961829
0.951851
0.941784
0.934462
0.933111
0.940857
0.959771
0.989717
1.02744
1.06669
1.10044
1.12412
1.13706
1.14143
1.14055
1.13763
1.13528
1.13524
1.13836
1.14453
1.15281
1.16149
1.16815
1.16958
1.1619
1.14178
1.10861
1.06548
1.01734
0.968673
0.922513
0.880495
0.843131
0.810094
0.780498
0.753193
0.727089
0.701424
0.675946
0.650982
0.627482
0.607142
0.592582
0.587402
0.595623
0.620166
0.660911
0.714051
0.773695
0.834278
0.891897
0.94435
0.990602
1.03026
1.06325
1.08965
1.10972
1.12394
1.13309
1.13836
1.14148
1.14479
1.15099
1.16248
1.18031
1.20295
1.22562
1.24134
1.24388
1.23059
1.20279
1.16404
1.11842
1.0695
1.02001
0.971926
0.926501
0.884332
0.845341
0.808751
0.773231
0.737341
0.700218
0.662106
0.624342
0.58889
0.55793
0.533801
0.519135
0.516877
0.529823
0.559508
0.604929
0.662236
0.72593
0.790676
0.852412
0.908481
0.957212
0.99754
1.02888
1.0512
1.0651
1.07176
1.07281
1.07029
1.06664
1.06461
1.06708
1.07652
1.0943
1.1197
1.14918
1.17631
1.19377
1.19665
1.18446
1.16025
1.12845
1.09325
1.05797
1.02493
0.995503
0.970109
0.948184
0.928168
0.907688
0.884071
0.855235
0.820676
0.781884
0.741761
0.703591
0.670407
0.644873
0.629293
0.625408
0.633972
0.654377
0.684698
0.722262
0.764425
0.809169
0.855299
0.902228
0.949362
0.995371
1.03801
1.07486
1.1044
1.12644
1.14197
1.1528
1.16114
1.16931
1.17937
1.19268
1.20963
1.22936
1.24962
1.26679
1.27634
1.2737
1.25595
1.22326
1.17882
1.12712
1.07229
1.01738
0.964258
0.913813
0.866161
0.820863
0.777197
0.734465
0.692285
0.650742
0.610393
0.572159
0.537252
0.507207
0.484044
0.470457
0.469816
0.485553
0.519666
0.570981
0.63475
0.704295
0.773279
0.836985
0.892465
0.938184
0.973626
0.999012
1.0151
1.02301
1.0242
1.02039
1.01361
1.00635
1.0015
1.00218
1.01116
1.03001
1.05816
1.09206
1.12523
1.15026
1.1624
1.16126
1.14973
1.13185
1.11143
1.09153
1.0743
1.06094
1.05165
1.04556
1.0407
1.03419
1.02255
1.0026
0.972808
0.934486
0.891306
0.847611
0.807084
0.772387
0.745226
0.726408
0.71583
0.712525
0.714873
0.720999
0.729253
0.738669
0.749326
0.762559
0.78088
0.807258
0.843422
0.888031
0.936752
0.984579
1.02803
1.06571
1.09782
1.12536
1.14954
1.17147
1.19188
1.21122
1.22968
1.24735
1.26434
1.28071
1.29625
1.3096
1.3174
1.31454
1.29696
1.26429
1.21949
1.16658
1.10909
1.04959
0.989776
0.930745
0.873207
0.817641
0.764367
0.713589
0.66542
0.619917
0.577175
0.537458
0.501355
0.469856
0.444431
0.427169
0.420973
0.429501
0.456337
0.503015
0.566791
0.640513
0.715411
0.784348
0.843147
0.890185
0.925443
0.949738
0.96427
0.970422
0.969702
0.963764
0.954474
0.94402
0.935029
0.930583
0.93393
0.947736
0.972987
1.00792
1.04752
1.08472
1.1135
1.13144
1.13968
1.1412
1.13934
1.13701
1.13633
1.13852
1.14388
1.15182
1.16094
1.16919
1.17374
1.17099
1.15709
1.12989
1.09082
1.04431
0.995274
0.947466
0.903121
0.863215
0.827761
0.796092
0.767153
0.739818
0.713184
0.68679
0.660718
0.635628
0.612827
0.59444
0.583572
0.584135
0.599846
0.632364
0.679753
0.736934
0.79792
0.857841
0.913599
0.963562
1.007
1.04364
1.07348
1.09667
1.1136
1.1249
1.13156
1.13508
1.13749
1.14139
1.14949
1.16377
1.18427
1.2081
1.22928
1.24068
1.2373
1.21824
1.18602
1.14461
1.09796
1.04933
1.00112
0.955011
0.911952
0.872236
0.835429
0.80041
0.765646
0.729789
0.692386
0.654212
0.616998
0.582902
0.554209
0.53338
0.523173
0.526498
0.545693
0.581301
0.631133
0.690622
0.754363
0.817649
0.877115
0.930566
0.976546
1.01407
1.04264
1.06237
1.07404
1.07899
1.07902
1.07632
1.07348
1.0733
1.07854
1.09127
1.11209
1.13923
1.16794
1.19117
1.20217
1.19767
1.1788
1.14943
1.11407
1.07667
1.04016
1.00649
0.976666
0.950748
0.927814
0.906021
0.882912
0.85608
0.824104
0.787322
0.747821
0.708616
0.67281
0.643244
0.622488
0.612784
0.615689
0.631547
0.659172
0.696101
0.739363
0.786277
0.834917
0.884098
0.932973
0.980388
1.02449
1.06304
1.09434
1.11785
1.1342
1.14497
1.15227
1.15851
1.16603
1.17671
1.1916
1.21045
1.23154
1.25149
1.26553
1.26856
1.25677
1.22941
1.18903
1.14004
1.08684
1.03286
0.980361
0.93056
0.883811
0.839785
0.797697
0.756619
0.715833
0.675122
0.634875
0.596001
0.559778
0.527787
0.501993
0.484934
0.479791
0.489991
0.517984
0.563532
0.622903
0.690009
0.75857
0.823613
0.881817
0.931228
0.970895
1.00063
1.02085
1.03246
1.03674
1.03532
1.03013
1.02353
1.01831
1.01752
1.02407
1.03988
1.06505
1.0969
1.1297
1.15593
1.16971
1.16935
1.15707
1.13689
1.11289
1.08848
1.06613
1.04741
1.03286
1.02201
1.01326
1.004
0.990974
0.97101
0.942288
0.905482
0.863671
0.820942
0.781035
0.746853
0.720461
0.703114
0.695168
0.696004
0.704144
0.717623
0.734502
0.753397
0.773886
0.796727
0.823732
0.856987
0.89727
0.942664
0.989049
1.03227
1.06986
1.10125
1.1272
1.14917
1.1687
1.18711
1.20525
1.22351
1.24183
1.25992
1.27728
1.29307
1.3057
1.31211
1.30787
1.2892
1.25564
1.21008
1.15677
1.09943
1.0407
0.982183
0.924772
0.868918
0.814865
0.762791
0.712861
0.665247
0.620131
0.57774
0.538435
0.502841
0.471983
0.447416
0.43138
0.426942
0.437781
0.467158
0.515905
0.580616
0.654062
0.727935
0.795623
0.853246
0.89927
0.933676
0.957264
0.971229
0.976959
0.975969
0.969932
0.960757
0.9507
0.942466
0.939177
0.943998
0.959354
0.985873
1.02136
1.06043
1.09589
1.12202
1.13692
1.14216
1.14096
1.13674
1.13237
1.12993
1.13059
1.13457
1.14117
1.14887
1.15539
1.15771
1.15209
1.13495
1.10482
1.0639
1.01687
0.968491
0.922214
0.880052
0.842817
0.810402
0.782028
0.756531
0.732679
0.709491
0.686468
0.663727
0.642055
0.623013
0.6091
0.60384
0.611311
0.634674
0.67413
0.726085
0.784668
0.844256
0.900928
0.952545
0.998187
1.03758
1.07074
1.09778
1.11892
1.13457
1.14536
1.15234
1.15708
1.16176
1.16894
1.18095
1.19871
1.22045
1.24118
1.25391
1.25283
1.23588
1.20473
1.16305
1.1148
1.06341
1.0115
0.960935
0.912913
0.86803
0.826269
0.786998
0.7491
0.711379
0.673171
0.634788
0.59748
0.563036
0.533486
0.511104
0.498581
0.499033
0.515452
0.549386
0.599454
0.661076
0.728003
0.794441
0.856223
0.910829
0.956884
0.993709
1.02115
1.03957
1.04986
1.05336
1.05179
1.04725
1.04223
1.03956
1.04221
1.0527
1.07227
1.09988
1.13142
1.16002
1.17845
1.18256
1.1726
1.1519
1.12475
1.09508
1.06597
1.03952
1.01693
0.998394
0.983076
0.969085
0.953675
0.933787
0.907061
0.873012
0.833523
0.79203
0.752209
0.71723
0.689631
0.671344
0.663563
0.666505
0.679265
0.700018
0.72652
0.756738
0.789343
0.823981
0.861182
0.901739
0.945548
0.990654
1.03372
1.07165
1.10287
1.12743
1.14654
1.162
1.17581
1.18969
1.20484
1.22175
1.24011
1.2589
1.27645
1.29037
1.29739
1.29356
1.27554
1.24273
1.19779
1.14505
1.08855
1.03123
0.974884
0.920361
0.867879
0.817306
0.768412
0.721059
0.675293
0.631359
0.589669
0.550799
0.515547
0.485067
0.461052
0.445926
0.442923
0.455704
0.487082
0.537038
0.601521
0.673484
0.745463
0.81164
0.868474
0.914383
0.949138
0.973331
0.988013
0.994498
0.994277
0.989036
0.980727
0.971688
0.964708
0.962931
0.969392
0.986198
1.01352
1.04869
1.08585
1.11768
1.13873
1.14765
1.14654
1.13898
1.12858
1.1183
1.11029
1.10576
1.10493
1.10705
1.11038
1.11234
1.10958
1.09835
1.07575
1.04154
0.9988
0.952289
0.906373
0.864133
0.827363
0.796783
0.772214
0.752754
0.737028
0.723523
0.710961
0.698624
0.686595
0.67591
0.668692
0.668219
0.678527
0.702974
0.742022
0.792172
0.847568
0.902758
0.954249
1.00048
1.04116
1.07658
1.10719
1.13341
1.15557
1.17396
1.18897
1.20123
1.2118
1.22225
1.23442
1.24962
1.26719
1.2833
1.29165
1.28648
1.26558
1.23045
1.18453
1.13158
1.0748
1.01666
0.958992
0.903023
0.849543
0.798939
0.751219
0.706059
0.662945
0.621471
0.581691
0.544265
0.510349
0.481448
0.459477
0.446976
0.447261
0.464035
0.499955
0.554369
0.622125
0.69524
0.76612
0.829601
0.883068
0.925678
0.957575
0.979426
0.99223
0.997244
0.995958
0.990099
0.981685
0.973123
0.967279
0.967349
0.976311
0.99596
1.02577
1.06205
1.09817
1.12703
1.1443
1.14975
1.14599
1.13666
1.12523
1.1145
1.10637
1.10186
1.10097
1.10273
1.10521
1.10557
1.10026
1.08557
1.05923
1.02203
0.977789
0.931261
0.886427
0.845974
0.811402
0.783209
0.761043
0.743874
0.730255
0.718673
0.707917
0.697408
0.687432
0.679311
0.675545
0.67975
0.695915
0.726529
0.770516
0.823169
0.878521
0.931849
0.980541
1.0237
1.06142
1.09418
1.12249
1.1468
1.16743
1.1847
1.19903
1.21115
1.22224
1.2339
1.24773
1.26422
1.2812
1.29338
1.29438
1.28016
1.2507
1.20883
1.1583
1.10259
1.04446
0.98598
0.928605
0.873312
0.820679
0.770922
0.723926
0.679314
0.63665
0.59576
0.556999
0.521264
0.489858
0.46445
0.447232
0.44115
0.449846
0.476769
0.523154
0.585952
0.65805
0.731162
0.798761
0.857072
0.904555
0.941027
0.967016
0.983435
0.991463
0.992508
0.988189
0.980377
0.971279
0.963542
0.960252
0.964601
0.97911
1.00451
1.03869
1.07627
1.10999
1.13389
1.14584
1.14731
1.1416
1.1323
1.12252
1.11455
1.1098
1.10871
1.11075
1.11443
1.11737
1.11637
1.10765
1.08788
1.05611
1.01478
0.968511
0.921867
0.878202
0.839558
0.806862
0.780119
0.758583
0.740988
0.725864
0.711895
0.698248
0.684824
0.672423
0.662888
0.659219
0.665364
0.685112
0.719982
0.767588
0.82247
0.878771
0.932291
0.980875
1.02385
1.06133
1.09371
1.12139
1.14471
1.16396
1.17951
1.19192
1.20218
1.21177
1.22262
1.23648
1.25367
1.27163
1.28473
1.28645
1.27285
1.244
1.20276
1.15292
1.09797
1.04076
0.983361
0.92727
0.873454
0.822446
0.774371
0.728972
0.685709
0.644026
0.603736
0.565282
0.529692
0.498388
0.473134
0.456199
0.45057
0.459847
0.487294
0.533842
0.596233
0.667463
0.739601
0.806463
0.864448
0.912022
0.948906
0.975497
0.992596
1.00131
1.00301
0.999324
0.992128
0.983662
0.976599
0.974022
0.979064
0.994116
1.01973
1.05358
1.0901
1.12192
1.1432
1.15201
1.15006
1.14081
1.12798
1.11472
1.10337
1.09538
1.09121
1.09033
1.0912
1.09133
1.08739
1.07565
1.05316
1.01952
0.977532
0.931789
0.886628
0.845228
0.80956
0.780562
0.758261
0.741903
0.730154
0.721416
0.714215
0.707581
0.701357
0.696429
0.694882
0.700003
0.715698
0.744817
0.786962
0.837954
0.891937
0.944043
0.991527
1.03348
1.07007
1.10191
1.12967
1.15389
1.17497
1.19322
1.20899
1.22284
1.23567
1.24876
1.26335
1.27953
1.29483
1.30384
1.30052
1.28171
1.24818
1.20315
1.15038
1.09313
1.03395
0.97466
0.916558
0.860509
0.807034
0.756356
0.708429
0.663007
0.619808
0.578779
0.540325
0.505327
0.475059
0.451204
0.436049
0.432695
0.444906
0.476005
0.526632
0.592807
0.66669
0.739868
0.806148
0.862218
0.906943
0.940447
0.96349
0.977157
0.982747
0.981742
0.975818
0.966901
0.957267
0.949654
0.947224
0.95316
0.969789
0.997431
1.0334
1.07184
1.10554
1.12921
1.14145
1.14415
1.14063
1.13431
1.12806
1.12392
1.12303
1.12556
1.13077
1.13703
1.14189
1.14214
1.13393
1.11394
1.08141
1.03914
0.991941
0.944339
0.899542
0.859385
0.824576
0.794933
0.769605
0.747348
0.726846
0.707035
0.687374
0.667997
0.649817
0.634648
0.625357
0.625796
0.639969
0.670155
0.715029
0.769746
0.828239
0.885556
0.938707
0.986332
1.02805
1.06391
1.09411
1.11887
1.13846
1.15328
1.16398
1.17168
1.178
1.18518
1.19558
1.21083
1.2304
1.25054
1.2648
1.26672
1.25297
1.22421
1.18363
1.13515
1.0823
1.02792
0.974071
0.922161
0.873035
0.827002
0.783839
0.742836
0.703029
0.663662
0.624676
0.586875
0.551692
0.520889
0.496509
0.481044
0.477575
0.489477
0.519277
0.566842
0.628278
0.696977
0.766123
0.830572
0.887256
0.934677
0.97229
1.00014
1.01873
1.02899
1.03223
1.03009
1.02455
1.01794
1.01302
1.01285
1.0203
1.03728
1.06368
1.0964
1.12924
1.15472
1.16754
1.16666
1.15456
1.13519
1.1125
1.08971
1.06915
1.05224
1.0394
1.03002
1.02241
1.01388
1.00109
0.980849
0.951469
0.913912
0.871533
0.828498
0.78848
0.754249
0.727713
0.709955
0.701163
0.700604
0.70677
0.717758
0.731759
0.747551
0.764895
0.784758
0.809211
0.840631
0.880038
0.92557
0.972945
1.01774
1.05719
1.09053
1.11838
1.14203
1.16295
1.18236
1.20111
1.21958
1.23786
1.25581
1.27317
1.28945
1.30353
1.31281
1.31297
1.2995
1.27075
1.22881
1.1777
1.12137
1.06274
1.00372
0.945435
0.888513
0.833333
0.780152
0.729168
0.680547
0.634433
0.590986
0.550477
0.513412
0.480669
0.453599
0.43416
0.425086
0.429885
0.452186
0.494047
0.553779
0.625279
0.700133
0.77079
0.832348
0.882548
0.920959
0.94818
0.965314
0.973697
0.974802
0.970244
0.961835
0.951688
0.94233
0.936748
0.938168
0.949425
0.971956
1.00472
1.04345
1.08133
1.1117
1.1312
1.14028
1.14171
1.13895
1.13507
1.13245
1.13258
1.136
1.14234
1.15036
1.15811
1.16286
1.16114
1.1491
1.12413
1.08697
1.04163
0.9931
0.945404
0.901085
0.861368
0.826456
0.795795
0.768346
0.742901
0.718395
0.694172
0.670139
0.646825
0.625451
0.608075
0.597761
0.598436
0.613909
0.645979
0.692797
0.749283
0.809424
0.868379
0.923148
0.972232
1.01504
1.0514
1.08138
1.10513
1.12296
1.13543
1.14343
1.14832
1.15204
1.15708
1.16606
1.18081
1.20115
1.22384
1.24265
1.25064
1.24342
1.22067
1.18522
1.14104
1.09196
1.04107
0.990673
0.942327
0.896946
0.854818
0.815573
0.77823
0.741462
0.704157
0.666041
0.62793
0.591454
0.558614
0.531589
0.512838
0.505232
0.511857
0.535142
0.575425
0.62993
0.693337
0.759658
0.823939
0.882837
0.934352
0.97733
1.01118
1.03581
1.05171
1.05991
1.0619
1.05956
1.05516
1.05133
1.05098
1.05692
1.07118
1.0941
1.12339
1.15367
1.17753
1.18868
1.18479
1.16768
1.1414
1.11026
1.07791
1.04705
1.01943
0.995841
0.976092
0.958952
0.942215
0.923048
0.898734
0.867773
0.830775
0.790332
0.749936
0.712949
0.68223
0.660141
0.648485
0.648247
0.659274
0.680204
0.708818
0.742694
0.779837
0.819079
0.860128
0.903181
0.94806
0.993296
1.03613
1.07372
1.10437
1.12795
1.14553
1.15893
1.17029
1.18166
1.19463
1.2101
1.22801
1.24732
1.266
1.28111
1.28889
1.28523
1.26706
1.23409
1.18916
1.13664
1.08065
1.02418
0.969078
0.916198
0.865698
0.81729
0.770522
0.725024
0.680688
0.637719
0.596608
0.558072
0.523072
0.492908
0.469403
0.455111
0.453356
0.467743
0.500744
0.551769
0.616341
0.687484
0.758213
0.823223
0.879271
0.924824
0.959561
0.983944
0.998924
1.00576
1.00591
1.0011
0.99332
0.984961
0.978877
0.978217
0.985912
1.00383
1.03179
