0.419081
0.432767
0.449331
0.465912
0.479544
0.488544
0.492933
0.493842
0.492743
0.491013
0.489724
0.489564
0.490823
0.493392
0.496778
0.500164
0.502422
0.50208
0.49747
0.487354
0.471841
0.452549
0.431631
0.410908
0.391552
0.374158
0.358861
0.345455
0.333509
0.322499
0.311947
0.301541
0.291207
0.281138
0.271826
0.264115
0.259282
0.258998
0.264951
0.278059
0.297703
0.321793
0.34772
0.373313
0.397195
0.418666
0.437442
0.453452
0.466704
0.477269
0.48527
0.490931
0.494616
0.496882
0.498543
0.500649
0.504333
0.510453
0.519033
0.528807
0.537189
0.541137
0.538607
0.529305
0.514363
0.495476
0.474324
0.452276
0.430351
0.409255
0.389411
0.37097
0.353804
0.337519
0.321554
0.305411
0.288932
0.272422
0.256558
0.242189
0.230244
0.221773
0.218001
0.220271
0.229693
0.246529
0.269703
0.29697
0.32571
0.353706
0.379443
0.402014
0.420902
0.435838
0.446775
0.453907
0.457665
0.458677
0.457747
0.455831
0.454062
0.45369
0.455948
0.461769
0.471383
0.48392
0.497167
0.507953
0.513441
0.51246
0.505657
0.494724
0.481546
0.46772
0.45446
0.44255
0.43237
0.423878
0.416579
0.409545
0.401556
0.391402
0.378352
0.362576
0.34514
0.327552
0.311293
0.297624
0.28758
0.281957
0.281206
0.285302
0.293702
0.305478
0.319594
0.335175
0.351699
0.369031
0.387287
0.406473
0.42605
0.444859
0.461609
0.475453
0.486226
0.49433
0.50051
0.50567
0.510699
0.516309
0.522917
0.530555
0.538832
0.546967
0.553783
0.557753
0.557113
0.550397
0.537202
0.518536
0.496237
0.472135
0.447618
0.423562
0.400401
0.378251
0.35702
0.336531
0.316628
0.297254
0.27848
0.260497
0.243587
0.228135
0.214661
0.203898
0.196882
0.194991
0.199801
0.212544
0.233284
0.260388
0.290948
0.321844
0.350596
0.375627
0.396159
0.411983
0.423259
0.430378
0.43387
0.434354
0.432555
0.429304
0.4256
0.422642
0.421777
0.42432
0.431203
0.442554
0.457302
0.473
0.486455
0.495165
0.4984
0.49702
0.492605
0.486771
0.48088
0.47592
0.472477
0.470721
0.470371
0.470704
0.4706
0.468606
0.463131
0.452985
0.4381
0.419774
0.400004
0.380648
0.36305
0.34803
0.335964
0.326827
0.320259
0.315654
0.312301
0.309562
0.307036
0.30469
0.302958
0.302791
0.305647
0.313191
0.326531
0.345292
0.367524
0.390704
0.412851
0.43291
0.450581
0.46599
0.479427
0.491173
0.501466
0.510462
0.518294
0.525114
0.531173
0.536856
0.542698
0.549164
0.556118
0.562251
0.565088
0.562186
0.552524
0.53673
0.516309
0.492855
0.467724
0.441936
0.41623
0.391118
0.366941
0.343902
0.322078
0.301441
0.281887
0.263316
0.245741
0.229369
0.214609
0.202034
0.192409
0.186789
0.186592
0.193476
0.208749
0.232331
0.262067
0.294348
0.325629
0.353479
0.376696
0.394943
0.408364
0.41734
0.422372
0.424043
0.423015
0.420031
0.41595
0.411794
0.408789
0.408331
0.411764
0.419966
0.432845
0.448942
0.465523
0.479522
0.488976
0.493621
0.494447
0.49292
0.490477
0.488276
0.487117
0.487385
0.489076
0.491779
0.494728
0.496813
0.496579
0.492354
0.482813
0.467893
0.449037
0.428376
0.407791
0.388548
0.371338
0.356376
0.343518
0.332356
0.322346
0.31295
0.303768
0.294639
0.28569
0.277379
0.270544
0.266479
0.266874
0.273427
0.287008
0.306899
0.330926
0.356474
0.381446
0.40458
0.425292
0.443397
0.458897
0.471859
0.482359
0.49052
0.49654
0.500735
0.503633
0.505994
0.508827
0.513195
0.519807
0.528448
0.537513
0.544199
0.54567
0.540389
0.528565
0.511551
0.491061
0.468654
0.445577
0.422751
0.400794
0.380074
0.360713
0.342587
0.325344
0.30852
0.291747
0.27499
0.258611
0.243264
0.229744
0.218955
0.211973
0.210109
0.214782
0.227056
0.246901
0.272745
0.301879
0.331465
0.359315
0.384076
0.405042
0.421902
0.434601
0.443294
0.448336
0.450269
0.449789
0.447748
0.445149
0.443177
0.443134
0.446247
0.453349
0.464416
0.478169
0.491991
0.502629
0.507698
0.506656
0.500541
0.4911
0.480084
0.468931
0.458685
0.449988
0.44306
0.437689
0.433174
0.428396
0.421968
0.412578
0.399552
0.383304
0.365211
0.346995
0.3302
0.316032
0.305365
0.29875
0.296349
0.297899
0.30275
0.310041
0.318927
0.328803
0.339479
0.351253
0.364814
0.38084
0.399322
0.419151
0.438558
0.456013
0.470769
0.482826
0.492678
0.501025
0.508585
0.515932
0.523423
0.531177
0.539105
0.546954
0.554345
0.560672
0.564893
0.565365
0.560253
0.548606
0.531073
0.509354
0.485253
0.460173
0.43502
0.410294
0.386231
0.362919
0.340393
0.318688
0.297866
0.278008
0.259224
0.241663
0.225555
0.211274
0.199395
0.190767
0.186578
0.18834
0.197599
0.215212
0.240472
0.270867
0.302924
0.333461
0.360331
0.382462
0.399575
0.411862
0.419761
0.42383
0.424698
0.423054
0.419676
0.415475
0.411542
0.409163
0.409724
0.414437
0.423931
0.437797
0.454244
0.470332
0.483129
0.491074
0.494326
0.494114
0.49196
0.489262
0.487078
0.486109
0.486632
0.488518
0.491247
0.493937
0.495385
0.494066
0.488349
0.477187
0.460965
0.441412
0.420679
0.400483
0.381925
0.365551
0.351466
0.339432
0.328982
0.319546
0.310599
0.301791
0.293034
0.284547
0.276896
0.271057
0.268465
0.270883
0.27984
0.295728
0.317256
0.341965
0.367344
0.391598
0.413753
0.433411
0.450499
0.465052
0.477157
0.4869
0.494425
0.499948
0.503836
0.506673
0.509298
0.512736
0.517974
0.525421
0.534339
0.542577
0.54717
0.545687
0.537344
0.522934
0.504035
0.482316
0.459222
0.435846
0.412981
0.39114
0.370595
0.351386
0.333315
0.315996
0.299004
0.282096
0.265394
0.249378
0.234746
0.222311
0.213028
0.208069
0.208839
0.216726
0.232465
0.2554
0.28333
0.313276
0.342539
0.369255
0.392381
0.411436
0.426266
0.436945
0.443748
0.44713
0.447709
0.446243
0.443644
0.440993
0.439535
0.440599
0.445305
0.454201
0.466786
0.481196
0.494399
0.503326
0.506327
0.503611
0.496605
0.487086
0.476672
0.466626
0.45782
0.450711
0.445326
0.441235
0.437542
0.432962
0.426044
0.415605
0.401339
0.38411
0.365569
0.347453
0.331196
0.317855
0.308141
0.302403
0.300592
0.302259
0.306657
0.312935
0.320361
0.32853
0.337504
0.347858
0.36052
0.376254
0.3949
0.415084
0.434865
0.452704
0.467915
0.48053
0.491048
0.500117
0.508373
0.516296
0.524163
0.532064
0.539944
0.54765
0.554955
0.561425
0.566152
0.567523
0.56354
0.553017
0.536389
0.515253
0.491411
0.466306
0.440885
0.415719
0.391107
0.367212
0.344127
0.32193
0.300693
0.280487
0.261391
0.243517
0.227054
0.212335
0.199881
0.190466
0.185183
0.185475
0.19294
0.208722
0.232576
0.262348
0.294577
0.325828
0.353658
0.376795
0.394854
0.407986
0.416613
0.421288
0.422631
0.42132
0.418112
0.413882
0.409671
0.406724
0.406421
0.410066
0.41848
0.431539
0.447787
0.464476
0.478566
0.488111
0.492916
0.494006
0.49286
0.490892
0.489231
0.488634
0.489461
0.491653
0.49478
0.498063
0.500398
0.500359
0.496285
0.486835
0.471932
0.453024
0.432256
0.411519
0.392074
0.374587
0.359253
0.345907
0.334136
0.323411
0.313225
0.303219
0.293271
0.283533
0.274461
0.266866
0.261991
0.26149
0.26708
0.279762
0.299023
0.322833
0.348578
0.374054
0.397858
0.419287
0.438065
0.454136
0.467517
0.478281
0.486541
0.492505
0.49651
0.499083
0.500995
0.503265
0.507019
0.513108
0.521568
0.531134
0.53923
0.542833
0.539935
0.530278
0.51499
0.495775
0.474281
0.451878
0.429571
0.408063
0.387779
0.368881
0.351265
0.334571
0.318273
0.301906
0.285319
0.268807
0.253016
0.238767
0.226968
0.21866
0.215081
0.217603
0.227373
0.244671
0.268375
0.296144
0.325256
0.353431
0.379138
0.401491
0.420017
0.434506
0.444967
0.45164
0.454979
0.455628
0.454391
0.452229
0.450282
0.449807
0.45206
0.457976
0.467789
0.480603
0.494157
0.505263
0.511115
0.5106
0.504407
0.494218
0.481879
0.46897
0.45667
0.445759
0.43659
0.429101
0.422763
0.416611
0.409376
0.399784
0.387052
0.371344
0.353774
0.335922
0.319318
0.305233
0.294674
0.288373
0.286712
0.289613
0.296525
0.306564
0.318759
0.332316
0.346801
0.362209
0.378848
0.396977
0.416279
0.43563
0.453548
0.468905
0.481287
0.490927
0.498478
0.504775
0.510648
0.51678
0.523592
0.531156
0.539234
0.547274
0.554427
0.559526
0.561014
0.557182
0.546937
0.53058
0.509657
0.486057
0.461375
0.43669
0.412607
0.389378
0.367027
0.345464
0.324595
0.304386
0.284888
0.266236
0.248635
0.232368
0.21783
0.2056
0.196521
0.191776
0.192871
0.201339
0.218032
0.242298
0.271789
0.303255
0.333671
0.360892
0.383735
0.401766
0.415041
0.423903
0.428855
0.430496
0.4295
0.426634
0.4228
0.419082
0.416755
0.417195
0.42161
0.430647
0.443951
0.459836
0.475383
0.487553
0.494611
0.496635
0.494871
0.490922
0.486265
0.482061
0.479081
0.477697
0.47784
0.479029
0.480366
0.48059
0.478169
0.471526
0.459762
0.443341
0.423996
0.403797
0.384438
0.367031
0.352165
0.339999
0.330327
0.322665
0.316378
0.310829
0.305537
0.300315
0.295344
0.291245
0.289133
0.290589
0.297348
0.31048
0.32951
0.352386
0.37652
0.39985
0.421226
0.440232
0.456869
0.471314
0.483765
0.494391
0.503326
0.510699
0.516711
0.521697
0.526199
0.530957
0.536726
0.543814
0.551404
0.557316
0.558722
0.553675
0.541929
0.524595
0.503274
0.479514
0.454577
0.42941
0.404682
0.380849
0.358176
0.336766
0.316563
0.297385
0.279015
0.261345
0.244502
0.228869
0.215006
0.203626
0.195655
0.192328
0.19519
0.205766
0.224741
0.251034
0.281757
0.313354
0.342912
0.368674
0.389872
0.406353
0.418293
0.42605
0.430106
0.431047
0.429559
0.426437
0.422617
0.419218
0.417557
0.419016
0.424736
