0.0628803
0.056119
0.0547667
0.0534145
0.0507099
0.0493577
0.0500338
0.0527383
0.0527383
0.0520622
0.0567951
0.0689655
0.0824882
0.0899256
0.0926302
0.0993915
0.120352
0.147397
0.1643
0.185936
0.215686
0.256254
0.300879
0.340771
0.372549
0.407032
0.453685
0.498986
0.544287
0.586207
0.630832
0.672752
0.702502
0.714672
0.724814
0.74307
0.78499
0.849222
0.896552
0.925625
0.934415
0.933739
0.943205
0.965517
0.985801
0.993239
0.989858
0.982421
0.956728
0.922921
0.885057
0.861393
0.860041
0.864097
0.853279
0.820149
0.789047
0.76741
0.751859
0.733604
0.711291
0.686275
0.680189
0.667343
0.631508
0.589588
0.554429
0.536849
0.544963
0.576741
0.592968
0.59094
0.583502
0.572684
0.56119
0.554429
0.553076
0.558485
0.56119
0.5524
0.524679
0.487492
0.461122
0.446924
0.440162
0.421231
0.388776
0.361731
0.343475
0.336038
0.33739
0.331305
0.317782
0.301555
0.283976
0.266396
0.252874
0.247465
0.244084
0.239351
0.233942
0.217715
0.196078
0.181204
0.172414
0.163624
0.16092
0.169709
0.169709
0.161596
0.154158
0.145368
0.136579
0.130494
0.127113
0.123056
0.118323
0.11021
0.096687
0.0811359
0.0736984
0.07167
0.0736984
0.0784314
0.0831643
0.0831643
0.0791075
0.0804598
0.086545
0.0912779
0.096687
0.0987153
0.0987153
0.106153
0.118323
0.135227
0.153482
0.173766
0.192022
0.202164
0.207573
0.216362
0.227857
0.241379
0.260311
0.27451
0.280595
0.288032
0.297498
0.30426
0.317106
0.331305
0.342123
0.370521
0.396214
0.406356
0.414469
0.422583
0.427316
0.432049
0.431373
0.428668
0.43881
0.446247
0.471941
0.511156
0.56119
0.618661
0.653144
0.693036
0.739013
0.76403
0.788371
0.813387
0.832995
0.870183
0.891819
0.872887
0.842461
0.822177
0.828938
0.842461
0.84787
0.849899
0.845166
0.837728
0.81812
0.787018
0.751859
0.731575
0.712644
0.691007
0.668695
0.628803
0.594997
0.579446
0.559162
0.536849
0.528736
0.514537
0.50169
0.49831
0.495605
0.483435
0.460446
0.449628
0.453685
0.453009
0.451657
0.455037
0.453685
0.45098
0.448952
0.442191
0.434753
0.431373
0.433401
0.434077
0.421231
0.40906
0.411089
0.411089
0.404327
0.401623
0.398242
0.384719
0.377282
0.379986
0.373225
0.35835
0.344151
0.330629
0.319135
0.308316
0.300879
0.300203
0.30426
0.305612
0.297498
0.2833
0.269777
0.25693
0.242732
0.231913
0.221095
0.212306
0.203516
0.190669
0.17309
0.160243
0.148749
0.140636
0.139959
0.138607
0.135227
0.131846
0.124408
0.114266
0.105477
0.0960108
0.0872211
0.0770791
0.0703178
0.0622042
0.0507099
0.0419202
0.0365112
0.030426
0.025693
0.0236646
0.0216362
0.0223124
0.0243408
0.0263692
0.0263692
0.025693
0.0277214
0.0331305
0.0371873
0.0392157
0.0419202
0.0513861
0.0622042
0.0703178
0.0784314
0.0926302
0.112914
0.129817
0.145368
0.16092
0.175794
0.198107
0.220419
0.231913
0.243408
0.260987
0.281947
0.302907
0.327924
0.348208
0.362407
0.383367
0.410412
0.434753
0.457066
0.484787
0.51048
0.533469
0.558485
0.580798
0.59432
0.613928
0.630156
0.634212
0.634212
0.636241
0.634888
0.635565
0.645707
0.657877
0.66261
0.656525
0.645707
0.638945
0.643678
0.642326
0.633536
0.630832
0.638945
0.63286
0.612576
0.596349
0.580122
0.571332
0.561866
0.542934
0.526031
0.521974
0.518594
0.498986
0.469912
0.459094
0.460446
0.457742
0.45098
0.441515
0.430696
0.422583
0.411089
0.395538
0.388776
0.393509
0.396214
0.389452
0.373901
0.350237
0.334686
0.318458
0.304936
0.300879
0.297498
0.300203
0.300203
0.297498
0.296146
0.290737
0.292089
0.302907
0.311021
0.315078
0.315078
0.319135
0.321163
0.315078
0.310345
0.300203
0.290737
0.287356
0.279243
0.264368
0.251521
0.24476
0.237999
0.224476
0.210277
0.201487
0.196078
0.192022
0.183908
0.175118
0.163624
0.154158
0.141988
0.13117
0.126437
0.121028
0.11359
0.10142
0.081812
0.0669371
0.0588235
0.0527383
0.0453009
0.0398918
0.0365112
0.0351589
0.035835
0.035835
0.0425963
0.0534145
0.0622042
0.0709939
0.0851927
0.100744
0.115619
0.130494
0.146045
0.164976
0.188641
0.216362
0.242055
0.267072
0.292089
0.311697
0.320487
0.343475
0.387424
0.417174
0.43881
0.461122
0.469236
0.473969
0.490196
0.505071
0.524679
0.56998
0.63286
0.686951
0.714672
0.74307
0.78499
0.821501
0.861393
0.905341
0.932387
0.942529
0.948614
0.947262
0.943881
0.936444
0.915483
0.894523
0.874239
0.845842
0.814064
0.786342
0.763354
0.749831
0.745774
0.728871
0.696416
0.668695
0.663286
0.668695
0.664638
0.669371
0.682894
0.688979
0.688979
0.688979
0.686951
0.686275
0.681542
0.657877
0.622718
0.593644
0.575389
0.549696
0.515213
0.483435
0.457742
0.440838
0.421231
0.394185
0.36714
0.354293
0.351589
0.349561
0.348208
0.340771
0.331305
0.320487
0.30764
0.288709
0.263692
0.248141
0.244084
0.233942
0.220419
0.200811
0.171738
0.151454
0.138607
0.129141
0.120352
0.114943
0.112914
0.11021
0.102096
0.0926302
0.0845166
0.0791075
0.0777552
0.0784314
0.0811359
0.0791075
0.076403
0.0791075
0.0797836
0.0730223
0.07167
0.0797836
0.0885734
0.0892495
0.0858688
0.0872211
0.0872211
0.0858688
0.0858688
0.0777552
0.07167
0.0696416
0.0642326
0.0554429
0.0486815
0.0446247
0.0412441
0.0365112
0.0317782
0.0270453
0.0236646
0.0223124
0.020284
0.0162272
0.015551
0.0169033
0.0148749
0.0169033
0.0216362
0.0250169
0.0283976
0.0344828
0.0385396
0.0473293
0.0608519
0.0736984
0.0831643
0.0926302
0.106829
0.119675
0.133874
0.161596
0.186613
0.200135
0.211629
0.221771
0.23259
0.248817
0.267072
0.281271
0.294794
0.317782
0.336038
0.335362
0.33739
0.350237
0.362407
0.369844
0.376606
0.385396
0.402299
0.420554
0.421907
0.40906
0.394861
0.390805
0.390805
0.397566
0.404327
0.407708
0.40568
0.392157
0.382015
0.368492
0.368492
0.386748
0.398242
0.398242
0.404327
0.411089
0.420554
0.43881
0.459094
0.482759
0.493577
0.50169
0.504395
0.48952
0.484787
0.490196
0.482759
0.459094
0.437458
0.415822
0.397566
0.382691
0.366464
0.362407
0.373225
0.386072
0.3881
0.379986
0.371197
0.36714
0.35835
0.347532
0.331305
0.320487
0.319135
0.30426
0.276538
0.250169
0.230561
0.216362
0.20284
0.18526
0.174442
0.166329
0.157539
0.138607
0.11359
0.100068
0.0939824
0.0885734
0.0878972
0.0851927
0.0804598
0.081812
0.0858688
0.0892495
0.0878972
0.0872211
0.0878972
0.0838404
0.0770791
0.0689655
0.0581474
0.0534145
0.0527383
0.0527383
0.0493577
0.0425963
0.0392157
0.0392157
0.0392157
0.0371873
0.035835
0.0371873
0.0439486
0.0486815
0.0480054
0.0453009
0.0419202
0.0432725
0.0425963
0.0398918
0.0385396
0.0385396
0.0378634
0.0365112
0.0338066
0.0338066
0.0392157
0.0446247
0.0473293
0.0500338
0.0581474
0.066261
0.0730223
0.0885734
0.111562
0.138607
0.158215
0.175794
0.197431
0.217715
0.233942
0.256254
0.287356
0.313725
0.338066
0.363083
0.382015
0.394861
0.419202
0.440838
0.448276
0.460446
0.480054
0.494929
0.495605
0.499662
0.509128
0.515889
0.521298
0.528059
0.539554
0.551724
0.558485
0.563895
0.571332
0.577417
0.583502
0.582826
0.576741
0.580122
0.586883
0.59432
0.582826
0.562542
0.558485
0.551724
0.536849
0.521974
0.511156
0.509128
0.509804
0.498986
0.482082
0.457742
0.440838
0.438134
0.434077
0.429344
0.429344
0.422583
0.410412
0.405003
0.393509
0.372549
0.35497
0.348208
0.335362
0.324544
0.315078
0.300879
0.290737
0.286004
0.281271
0.267072
0.25693
0.250845
0.238675
0.223124
0.216362
0.210953
0.203516
0.191346
0.179851
0.174442
0.173766
0.177823
0.175794
0.17309
0.177823
0.175794
0.17309
0.171738
0.173766
0.185936
0.186613
0.177823
0.167005
0.153482
0.148073
0.142664
0.137255
0.137931
0.13117
0.115619
0.102096
0.0892495
0.0824882
0.0791075
0.0770791
0.0757268
0.0736984
0.076403
0.076403
0.0723462
0.0709939
0.07167
0.07167
0.0703178
0.0669371
0.0615281
0.0554429
0.0513861
0.045977
0.0398918
0.0365112
0.0324544
0.0297498
0.0263692
0.0216362
0.0189317
0.0189317
0.020284
0.0209601
0.0223124
0.0243408
0.0223124
0.0189317
0.0182556
0.0182556
0.0209601
0.0263692
0.0317782
0.0338066
0.0351589
0.040568
0.0453009
0.0534145
0.0642326
0.07167
0.0831643
0.0980392
0.106829
0.114266
0.130494
0.15213
0.171738
0.179851
0.188641
0.200135
0.212306
0.226504
0.240027
0.254902
0.268425
0.27789
0.280595
0.281271
0.290061
0.313725
0.336714
0.340771
0.342123
0.346856
0.35497
0.361731
0.368492
0.382691
0.40906
0.428668
0.42664
0.408384
0.395538
0.402299
0.409736
0.415822
0.428668
0.434077
0.431373
0.414469
0.377958
0.361731
0.372549
0.402975
0.423935
0.421907
0.417174
0.406356
0.384719
0.371873
0.381339
0.402975
0.422583
0.424611
0.40906
0.377282
0.347532
0.340095
0.340771
0.342123
0.341447
0.348884
0.359703
0.350913
0.33739
0.330629
0.333333
0.341447
0.355646
0.359026
0.350913
0.342123
0.334009
0.313725
0.281271
0.275186
0.285328
0.292765
0.288032
0.275186
0.258283
0.239351
0.228533
0.221771
0.212982
0.203516
0.196755
0.187289
0.167005
0.139283
0.118999
0.106153
0.0960108
0.0946586
0.0933063
0.086545
0.0811359
0.0757268
0.0676133
0.0507099
0.040568
0.0392157
0.0378634
0.0344828
0.0311021
0.0270453
0.0223124
0.0209601
0.0216362
0.020284
0.0209601
0.0229885
0.0229885
0.0229885
0.0250169
0.0263692
0.025693
0.0236646
0.0216362
0.0189317
0.0175794
0.0169033
0.0148749
0.0121704
0.0114943
0.010142
0.010142
0.010142
0.0108181
0.0162272
0.0223124
0.0263692
0.0311021
0.0338066
0.0392157
0.0439486
0.0500338
0.0594997
0.0703178
0.0872211
0.108857
0.125761
0.139959
0.1643
0.198783
0.235294
0.263016
0.286004
0.306288
0.317106
0.326572
0.336714
0.348208
0.364435
0.384719
0.396214
0.390805
0.37593
0.365112
0.363083
0.369168
0.380663
0.394185
0.407032
0.419878
