9.3
8.3
8.1
7.9
7.5
7.3
7.4
7.8
7.8
7.7
8.4
10.2
12.2
13.3
13.7
14.7
17.8
21.8
24.3
27.5
31.9
37.9
44.5
50.4
55.1
60.2
67.1
73.8
80.5
86.7
93.3
99.5
103.9
105.7
107.2
109.9
116.1
125.6
132.6
136.9
138.2
138.1
139.5
142.8
145.8
146.9
146.4
145.3
141.5
136.5
130.9
127.4
127.2
127.8
126.2
121.3
116.7
113.5
111.2
108.5
105.2
101.5
100.6
98.7
93.4
87.2
82
79.4
80.6
85.3
87.7
87.4
86.3
84.7
83
82
81.8
82.6
83
81.7
77.6
72.1
68.2
66.1
65.1
62.3
57.5
53.5
50.8
49.7
49.9
49
47
44.6
42
39.4
37.4
36.6
36.1
35.4
34.6
32.2
29
26.8
25.5
24.2
23.8
25.1
25.1
23.9
22.8
21.5
20.2
19.3
18.8
18.2
17.5
16.3
14.3
12
10.9
10.6
10.9
11.6
12.3
12.3
11.7
11.9
12.8
13.5
14.3
14.6
14.6
15.7
17.5
20
22.7
25.7
28.4
29.9
30.7
32
33.7
35.7
38.5
40.6
41.5
42.6
44
45
46.9
49
50.6
54.8
58.6
60.1
61.3
62.5
63.2
63.9
63.8
63.4
64.9
66
69.8
75.6
83
91.5
96.6
102.5
109.3
113
116.6
120.3
123.2
128.7
131.9
129.1
124.6
121.6
122.6
124.6
125.4
125.7
125
123.9
121
116.4
111.2
108.2
105.4
102.2
98.9
93
88
85.7
82.7
79.4
78.2
76.1
74.2
73.7
73.3
71.5
68.1
66.5
67.1
67
66.8
67.3
67.1
66.7
66.4
65.4
64.3
63.8
64.1
64.2
62.3
60.5
60.8
60.8
59.8
59.4
58.9
56.9
55.8
56.2
55.2
53
50.9
48.9
47.2
45.6
44.5
44.4
45
45.2
44
41.9
39.9
38
35.9
34.3
32.7
31.4
30.1
28.2
25.6
23.7
22
20.8
20.7
20.5
20
19.5
18.4
16.9
15.6
14.2
12.9
11.4
10.4
9.2
7.5
6.2
5.4
4.5
3.8
3.5
3.2
3.3
3.6
3.9
3.9
3.8
4.1
4.9
5.5
5.8
6.2
7.6
9.2
10.4
11.6
13.7
16.7
19.2
21.5
23.8
26
29.3
32.6
34.3
36
38.6
41.7
44.8
48.5
51.5
53.6
56.7
60.7
64.3
67.6
71.7
75.5
78.9
82.6
85.9
87.9
90.8
93.2
93.8
93.8
94.1
93.9
94
95.5
97.3
98
97.1
95.5
94.5
95.2
95
93.7
93.3
94.5
93.6
90.6
88.2
85.8
84.5
83.1
80.3
77.8
77.2
76.7
73.8
69.5
67.9
68.1
67.7
66.7
65.3
63.7
62.5
60.8
58.5
57.5
58.2
58.6
57.6
55.3
51.8
49.5
47.1
45.1
44.5
44
44.4
44.4
44
43.8
43
43.2
44.8
46
46.6
46.6
47.2
47.5
46.6
45.9
44.4
43
42.5
41.3
39.1
37.2
36.2
35.2
33.2
31.1
29.8
29
28.4
27.2
25.9
24.2
22.8
21
19.4
18.7
17.9
16.8
15
12.1
9.9
8.7
7.8
6.7
5.9
5.4
5.2
5.3
5.3
6.3
7.9
9.2
10.5
12.6
14.9
17.1
19.3
21.6
24.4
27.9
32
35.8
39.5
43.2
46.1
47.4
50.8
57.3
61.7
64.9
68.2
69.4
70.1
72.5
74.7
77.6
84.3
93.6
101.6
105.7
109.9
116.1
121.5
127.4
133.9
137.9
139.4
140.3
140.1
139.6
138.5
135.4
132.3
129.3
125.1
120.4
116.3
112.9
110.9
110.3
107.8
103
98.9
98.1
98.9
98.3
99
101
101.9
101.9
101.9
101.6
101.5
100.8
97.3
92.1
87.8
85.1
81.3
76.2
71.5
67.7
65.2
62.3
58.3
54.3
52.4
52
51.7
51.5
50.4
49
47.4
45.5
42.7
39
36.7
36.1
34.6
32.6
29.7
25.4
22.4
20.5
19.1
17.8
17
16.7
16.3
15.1
13.7
12.5
11.7
11.5
11.6
12
11.7
11.3
11.7
11.8
10.8
10.6
11.8
13.1
13.2
12.7
12.9
12.9
12.7
12.7
11.5
10.6
10.3
9.5
8.2
7.2
6.6
6.1
5.4
4.7
4
3.5
3.3
3
2.4
2.3
2.5
2.2
2.5
3.2
3.7
4.2
5.1
5.7
7
9
10.9
12.3
13.7
15.8
17.7
19.8
23.9
27.6
29.6
31.3
32.8
34.4
36.8
39.5
41.6
43.6
47
49.7
49.6
49.9
51.8
53.6
54.7
55.7
57
59.5
62.2
62.4
60.5
58.4
57.8
57.8
58.8
59.8
60.3
60
58
56.5
54.5
54.5
57.2
58.9
58.9
59.8
60.8
62.2
64.9
67.9
71.4
73
74.2
74.6
72.4
71.7
72.5
71.4
67.9
64.7
61.5
58.8
56.6
54.2
53.6
55.2
57.1
57.4
56.2
54.9
54.3
53
51.4
49
47.4
47.2
45
40.9
37
34.1
32
30
27.4
25.8
24.6
23.3
20.5
16.8
14.8
13.9
13.1
13
12.6
11.9
12.1
12.7
13.2
13
12.9
13
12.4
11.4
10.2
8.6
7.9
7.8
7.8
7.3
6.3
5.8
5.8
5.8
5.5
5.3
5.5
6.5
7.2
7.1
6.7
6.2
6.4
6.3
5.9
5.7
5.7
5.6
5.4
5
5
5.8
6.6
7
7.4
8.6
9.8
10.8
13.1
16.5
20.5
23.4
26
29.2
32.2
34.6
37.9
42.5
46.4
50
53.7
56.5
58.4
62
65.2
66.3
68.1
71
73.2
73.3
73.9
75.3
76.3
77.1
78.1
79.8
81.6
82.6
83.4
84.5
85.4
86.3
86.2
85.3
85.8
86.8
87.9
86.2
83.2
82.6
81.6
79.4
77.2
75.6
75.3
75.4
73.8
71.3
67.7
65.2
64.8
64.2
63.5
63.5
62.5
60.7
59.9
58.2
55.1
52.5
51.5
49.6
48
46.6
44.5
43
42.3
41.6
39.5
38
37.1
35.3
33
32
31.2
30.1
28.3
26.6
25.8
25.7
26.3
26
25.6
26.3
26
25.6
25.4
25.7
27.5
27.6
26.3
24.7
22.7
21.9
21.1
20.3
20.4
19.4
17.1
15.1
13.2
12.2
11.7
11.4
11.2
10.9
11.3
11.3
10.7
10.5
10.6
10.6
10.4
9.9
9.1
8.2
7.6
6.8
5.9
5.4
4.8
4.4
3.9
3.2
2.8
2.8
3
3.1
3.3
3.6
3.3
2.8
2.7
2.7
3.1
3.9
4.7
5
5.2
6
6.7
7.9
9.5
10.6
12.3
14.5
15.8
16.9
19.3
22.5
25.4
26.6
27.9
29.6
31.4
33.5
35.5
37.7
39.7
41.1
41.5
41.6
42.9
46.4
49.8
50.4
50.6
51.3
52.5
53.5
54.5
56.6
60.5
63.4
63.1
60.4
58.5
59.5
60.6
61.5
63.4
64.2
63.8
61.3
55.9
53.5
55.1
59.6
62.7
62.4
61.7
60.1
56.9
55
56.4
59.6
62.5
62.8
60.5
55.8
51.4
50.3
50.4
50.6
50.5
51.6
53.2
51.9
49.9
48.9
49.3
50.5
52.6
53.1
51.9
50.6
49.4
46.4
41.6
40.7
42.2
43.3
42.6
40.7
38.2
35.4
33.8
32.8
31.5
30.1
29.1
27.7
24.7
20.6
17.6
15.7
14.2
14
13.8
12.8
12
11.2
10
7.5
6
5.8
5.6
5.1
4.6
4
3.3
3.1
3.2
3
3.1
3.4
3.4
3.4
3.7
3.9
3.8
3.5
3.2
2.8
2.6
2.5
2.2
1.8
1.7
1.5
1.5
1.5
1.6
2.4
3.3
3.9
4.6
5
5.8
6.5
7.4
8.8
10.4
12.9
16.1
18.6
20.7
24.3
29.4
34.8
38.9
42.3
45.3
46.9
48.3
49.8
51.5
53.9
56.9
58.6
57.8
55.6
54
53.7
54.6
56.3
58.3
60.2
62.1
63.3
65.1
68.7
73.4
81.2
89.7
94.1
96.3
100.7
104.8
105.4
104.2
103.5
102.2
98.3
95.5
92.8
88.5
87
87
83.5
78.6
77.2
77.5
76.1
75.4
78
78.4
75.2
72.8
70.4
67.4
64.6
63.7
62.8
61.9
60.5
56.7
51.4
46.8
43.2
40.3
39.4
38.7
37.9
36.8
34.9
32.1
31
31.3
30.6
31
31.7
31.1
29
27.3
26.5
25.3
24.4
25.5
25.8
24.3
22.5
20.1
18.1
16.9
15.8
14.9
14.4
13.9
12.6
9.4
7.1
6.7
6.6
6.4
5.9
6
6.6
6.9
6.4
5.6
5.6
5.7
5.8
6.8
8.1
9.8
11.6
12.9
13.9
15.1
16.1
16.9
17.9
19.3
20.8
22.6
24.5
25.9
27.1
29.4
32.6
36
40.9
47.1
51.8
55.6
57.7
58.9
60.9
62.5
64.1
65.1
65.2
65.4
64.7
64.3
65.7
66.9
69.5
72.4
72.4
71.9
71.7
71.7
71.7
71.6
70.5
69.1
68.4
68.2
68.4
67.7
69
72.1
75.2
77.3
78.1
77.4
77.2
77.2
76.1
74.2
71.6
69.7
68.1
66.1
64.2
61.1
58.5
59.5
62.8
64.7
64
62.9
61.6
60.1
57.4
53.6
49.9
48.1
47.2
44.5
39.1
33.6
31.2
30.7
30.2
29.4
28.4
27.6
26.9
25.9
24.3
22.6
21.6
21.1
19.7
17.5
15.9
14.8
14.8
14.8
14.2
13.3
12.6
12.1
11.4
11.2
11.6
12.1
11.7
10.7
9.4
8.4
7.9
7.6
7.4
6.9
6.1
5.3
4.3
3.5
3.6
4.6
5.4
5.7
6.3
6.6
6.7
7.1
8.1
9.3
10.5
11.8
12.6
13
14.9
17.6
19.5
22
25.6
29.9
34.1
37.9
42
46.5
51.3
55.1
57.2
59
62.1
65.9
68.8
72.4
77.2
82.6
87.8
90.3
92.1
96.1
101.2
107.6
113.5
116.7
119.2
119
115.8
113
111.2
110.9
110.7
110.8
109.8
109.3
109.2
107.9
106.3
107.2
109.4
108.8
106.3
103.6
103.1
103
102.8
100.1
96.9
97.4
97.9
95.2
90.9
87.5
85.5
85.5
84.3
79.6
76.3
74.3
73
71.1
67.8
66
66.7
67.6
66.8
64.6
61.9
59.7
57.7
56.6
54.7
52.8
52.4
51.2
48.9
47.1
47
47.7
49.2
50.1
47.9
43.9
40.2
36.5
33.3
31.9
31.1
29.6
27.7
25.6
23
21.1
20.5
20.1
19.9
19.6
18.8
17.5
16.5
16
14.4
12.5
10.8
9.2
8.6
8.2
7.7
7.8
8.4
8.8
9.2
10.2
11.3
12.3
14
16.5
19
21.9
23.8
25.1
28.1
31.7
33.1
34.3
38.6
43.9
48.1
52.1
56
60.6
67
72.9
76.8
81.4
88.6
95.3
100.1
104.3
109.6
117.6
126.2
131.7
136.8
143.4
149
151.8
151.7
151.2
148.9
145.5
145.7
146.2
145.3
144.8
142.8
140.5
138.2
135.8
135.3
136.6
141.1
147.7
148.5
143.9
139.2
136.6
134.5
133.2
133
134.8
136
134.4
130
124.4
121
119.6
118
115
111.9
106.4
99.5
92.9
86.6
82.2
79
75.3
72.2
71.4
72.3
71.7
69.5
69.8
70.7
70.2
69.8
68.6
66.3
63.3
59.2
53
46.8
43.2
42
39.5
36
33.6
31.9
30.8
29.4
28.2
27.6
27.1
26
24.1
21.6
19.9
18.9
17.4
15.2
12.8
11.5
11.4
10.4
8.8
7.4
6.4
5.6
4.2
3.4
3.7
4.2
5.4
7.2
7.8
7.9
9.5
12
14.2
16.4
19.5
23.4
28.8
35.1
40.1
46.5
55.5
64.4
73
81
88.8
98.5
109.3
118.7
127.4
136.9
145.5
149.6
151.5
155.8
159.6
164.3
170.2
172.2
174.3
181
185.5
187.9
191.4
194.4
197.3
199.5
200.8
200
199
200.9
201.3
196.8
191.4
186.8
185.2
184.9
183.8
182.2
180.7
180.5
178.6
176.9
174.5
169.2
165.1
161.4
155.8
151.3
146.3
141.1
137.2
132.5
128.9
125
121.6
119.6
117
113.9
108.6
102.4
97.9
93.3
87.9
83.7
80.2
74.8
68.8
64.3
60.1
55.8
53.1
52.5
52.3
51.4
50.5
48.7
45.2
41.8
39.8
39.4
39.2
38.3
36.8
34.9
32.7
30.8
30
29.8
29.4
29.8
29.7
29.1
28.7
28.2
27.7
27.2
26.9
26
23.8
21.3
19.5
17.8
15.4
12.7
10.8
10.2
10.3
10.2
9.9
9.6
10.1
11
11.7
12
12.5
13.6
14.6
15
15.5
16.4
17.4
19.7
22.3
24.5
27.7
31.3
34.5
37.4
40.7
44.7
50.3
56.7
63.1
67.6
70.2
72.7
75
78.8
82.2
84.6
87.5
91.3
94.1
95.3
95.3
95
97.1
100.6
102.6
102.9
104.7
107.2
107.6
106.6
105.2
104.8
107
109.9
110.6
110.1
110
109.6
108
106.4
106.2
106.1
105.9
106.5
105.4
104.1
104.6
104.9
105.6
106
106.2
106.1
105.8
105.3
103.8
101
97.2
93.9
89.4
84.1
80.4
77.8
74.4
70.9
68.1
66.7
65.4
64.6
65.8
66.2
66.8
69.4
70.8
71.2
72.4
73.4
72.9
70.5
68.2
65.5
62.2
60.6
58.7
55.1
50.7
46.4
44
42.6
40.6
38.9
37.3
36
34.2
32.5
31.6
31.4
32.7
34.4
34
33.9
34.6
34.5
34
33.1
32.1
30.2
27.5
25.2
23
22.1
21.2
18.6
16.8
16
15
14.3
14.4
15.4
16.1
16.3
15.2
13.2
12.2
12.6
12.5
12.2
12.9
14
14.3
13.5
13.5
14.8
16.7
18.1
20
22.2
24.2
26.3
29
33.4
39.1
45.6
51.9
56.9
61.3
64.5
69.6
76.9
83.2
89.3
97.4
104
108.4
111.1
113.3
117.7
123.7
130.9
136.5
141.1
147.3
153
155
155.4
155.7
157.8
162.3
164.5
163.9
162.6
160.9
158.7
156.3
154.7
152.8
150.3
150.1
150.2
147.7
142.7
140.3
141.5
143
143.4
142.9
141.5
140.3
141.1
142.8
142.2
138.8
137.8
137
133.3
129.2
124.3
119.9
117.3
115.2
109.4
101
95.7
94.7
94.6
92.8
90.3
85.9
81.5
77.1
70.5
65.5
65.8
67.9
68.2
66.8
64
60.2
56.4
53
49.8
47.5
46.5
44.2
39.6
33.9
28.9
24.7
21.7
20.5
19.6
18.6
18.3
18.3
18
17.4
17.1
17.3
17.3
16.8
15.3
13.8
13.1
13
13.7
14.3
13.8
13.7
13.2
12.3
13.2
14.9
16.3
17.6
19.6
22.1
24.4
26.5
28.4
31.3
34.8
39
43.6
46.7
51.3
58.2
64.6
71.3
77.5
83.8
93.7
104.3
113.7
121.2
125.3
130.4
137.6
142
145
149.7
153.5
156.9
158.4
158.5
157.7
156.6
157.4
157.5
153.5
150.6
152.9
152
149.3
147
143.8
140.6
140.5
142.1
142.1
141.7
143.9
147.6
147.6
146.6
146.5
145.5
145.2
146.3
146.6
144.9
141.7
138.1
131.7
123.7
115.4
108.2
103.3
100.3
97.1
90.7
84
79.5
76.4
74.4
73.2
71.4
69.3
66.6
63.6
59.9
56.1
54.7
52.3
48.4
44.9
41.2
38.4
36.6
34.8
34.1
33.7
32.5
30.8
28.5
26.8
26.6
26.5
26.2
25.6
24.2
23
22.1
20.6
19.2
18.2
17
15.4
13.4
12.1
11.3
10.8
10.4
10.1
9.7
8.4
8
8.5
8.4
8.3
8.4
8.8
9.8
10.4
10.5
11
13.5
16.5
18.4
20.4
22.7
25.1
28.4
31.9
35
39
43.8
49
53.5
56.6
59.4
62.5
65.5
67.8
69.5
70.5
73
77.9
82.6
84.6
83.8
85.5
90.5
93.1
94.3
97.5
102.3
107.8
111
111.1
112.9
116.8
119.9
120.8
119
118.7
119.8
118.6
116.3
114.5
112.7
112
108.7
104
104.8
107.5
108.6
109.8
111.7
113.6
114.1
114
115.5
114.6
113.5
114.6
113.3
110.5
108.8
106.2
102.7
98.7
94.6
90.5
85.2
82
80.8
78.3
74
70.1
67.6
65
61.8
60
59.5
58.2
56.7
54.8
52
49.3
47.1
45.5
43.8
41.6
40.2
39.2
37.5
35.9
35.3
35.2
34.6
33.9
33.5
31.6
28.9
28.8
29.1
27.4
25.8
25.5
24.9
23
20.8
18.6
17.4
17.1
17.3
16.3
15.2
15.6
15.5
14.2
12.6
12.1
11.9
11.5
10.7
9.8
8.6
7.6
6.9
6
5.9
6
5.7
4.9
4.2
3.6
3.3
3.4
3.5
3.3
2.8
2.7
2.3
1.8
1.7
1.7
1.8
1.9
2
2.2
2.3
2.7
3.6
4.8
6.2
7.1
7.6
8.3
9.3
10.6
